1520530308199447626
1520530308249448626
1520530308299450626
1520530308349502521
1520530308399504521
1520530308449504521
1520530308499506521
1520530308549507521
1520530308599509521
1520530308649555521
1520530308699512521
1520530308749558942
1520530308799559942
1520530308849561942
1520530308899562942
1520530308949564942
1520530308999566942
1520530309049567942
1520530309099569942
1520530309149567293
1520530309199582486
1520530309249583486
1520530309299585486
1520530309349586486
1520530309399588486
1520530309449590486
1520530309499591486
1520530309549593486
1520530309599596890
1520530309649598890
1520530309699599890
1520530309749601890
1520530309799602890
1520530309849604890
1520530309899605890
1520530309949607890
1520530309999622012
1520530310049623012
1520530310099625012
1520530310149627012
1520530310199628012
1520530310249729012
1520530310299631012
1520530310349633012
1520530310399624679
1520530310449626679
1520530310499627679
1520530310549629679
1520530310599631679
1520530310649632679
1520530310699634679
1520530310749635679
1520530310799650942
1520530310849651942
1520530310899653942
1520530310949654942
1520530310999656942
1520530311049658942
1520530311099659942
1520530311149661942
1520530311199671872
1520530311249672872
1520530311299674872
1520530311349676872
1520530311399677872
1520530311449678872
1520530311499683872
1520530311549682872
1520530311599683872
1520530311649719135
1520530311699720135
1520530311749722135
1520530311799723135
1520530311849725135
1520530311899726135
1520530311949728135
1520530311999729135
1520530312049720469
1520530312099721469
1520530312149723469
1520530312199725469
1520530312249726469
1520530312299728469
1520530312349729469
1520530312399731469
1520530312449712118
1520530312499714118
1520530312549715118
1520530312599717118
1520530312649719118
1520530312699720118
1520530312749722118
1520530312799724118
1520530312849719433
1520530312899721433
1520530312949723433
1520530312999724433
1520530313049725433
1520530313099727433
1520530313149728433
1520530313199730433
1520530313249735714
1520530313299737714
1520530313349738714
1520530313399789714
1520530313449742714
1520530313499743714
1520530313549745714
1520530313599746714
1520530313649744995
1520530313699745995
1520530313749747995
1520530313799749995
1520530313849750995
1520530313899752995
1520530313949753995
1520530313999755995
1520530314049756995
1520530314099762714
1520530314149764714
1520530314199765714
1520530314249767714
1520530314299768714
1520530314349770714
1520530314399772714
1520530314449773714
1520530314499774311
1520530314549776311
1520530314599777311
1520530314649779311
1520530314699780311
1520530314749782311
1520530314799787311
1520530314849784311
1520530314899810381
1520530314949812381
1520530314999919381
1520530315049815381
1520530315099816381
1520530315149818381
1520530315199819381
1520530315249821381
1520530315299635083
1520530315349637083
1520530315399639083
1520530315449640083
1520530315499642083
1520530315549643083
1520530315599645083
1520530315649646083
1520530315699637065
1520530315749639065
1520530315799640065
1520530315849642065
1520530315899643065
1520530315949645065
1520530315999647065
1520530316049648065
1520530316100220942
1520530316150222942
1520530316200223942
1520530316250225942
1520530316300226942
1520530316350228942
1520530316400229942
1520530316450230942
1520530316500232942
1520530316550276188
1520530316600278188
1520530316650280188
1520530316700281188
1520530316750283188
1520530316800284188
1520530316850286188
1520530316900287188
1520530316949772977
1520530316999774977
1520530317049775977
1520530317099777977
1520530317149778977
1520530317199780977
1520530317249781977
1520530317299783977
1520530317349743433
1520530317399745433
1520530317449747433
1520530317499748433
1520530317549751433
1520530317599752433
1520530317649754433
1520530317699755433
1520530317750236574
1520530317800238574
1520530317850239574
1520530317900241574
1520530317950243574
1520530318000244574
1520530318050246574
1520530318100247574
1520530318150816100
1520530318200769100
1520530318250771100
1520530318300772100
1520530318350774100
1520530318400775100
1520530318450777100
1520530318500778100
1520530318550780100
1520530318600567153
1520530318650568153
1520530318700570153
1520530318750571153
1520530318800573153
1520530318850574153
1520530318900576153
1520530318950577153
1520530318999955433
1520530319049957433
1520530319099959433
1520530319149961433
1520530319199962433
1520530319249963433
1520530319299965433
1520530319349967433
1520530319399832083
1520530319449833083
1520530319499835083
1520530319549837083
1520530319599838083
1520530319649840083
1520530319699841083
1520530319749942083
1520530319800340995
1520530319850342995
1520530319900343995
1520530319950345995
1520530320000346995
1520530320050348995
1520530320100349995
1520530320150351995
1520530320200401223
1520530320250402223
1520530320300404223
1520530320350405223
1520530320400407223
1520530320450408223
1520530320500410223
1520530320550412223
1520530320599869223
1520530320649871223
1520530320699873223
1520530320749874223
1520530320799876223
1520530320849877223
1520530320899879223
1520530320949880223
1520530320999882223
1520530321049740065
1520530321099742065
1520530321149743065
1520530321199745065
1520530321249747065
1520530321299749065
1520530321349750065
1520530321399751065
1520530321449856363
1520530321499857363
1520530321549859363
1520530321599860363
1520530321649862363
1520530321699863363
1520530321749865363
1520530321799867363
1520530321850152012
1520530321900154012
1520530321950155012
1520530322000157012
1520530322050158012
1520530322100160012
1520530322150162012
1520530322200163012
1520530322250206626
1520530322300207626
1520530322350209626
1520530322400211626
1520530322450213626
1520530322500214626
1520530322550215626
1520530322600217626
1520530322650023469
1520530322700025469
1520530322750027469
1520530322800028469
1520530322850030469
1520530322900065469
1520530322950033469
1520530323000034469
1520530323050036469
1520530323100074240
1520530323150076240
1520530323200077240
1520530323250079240
1520530323300080240
1520530323350082240
1520530323400084240
1520530323450085240
1520530323500344995
1520530323550345995
1520530323600347995
1520530323650348995
1520530323700350995
1520530323750352995
1520530323800353995
1520530323850355995
1520530323900153012
1520530323950154012
1520530324000156012
1520530324050157012
1520530324100159012
1520530324150160012
1520530324200162012
1520530324250163012
1520530324299907819
1520530324349909819
1520530324399910819
1520530324449912819
1520530324499993819
1520530324549914819
1520530324599916819
1520530324649918819
1520530324700017714
1520530324750019714
1520530324800020714
1520530324850022714
1520530324900023714
1520530324950025714
1520530325000027714
1520530325050028714
1520530325100815697
1520530325150816697
1520530325200818697
1520530325250819697
1520530325300821697
1520530325350823697
1520530325400824697
1520530325450826697
1520530325500827697
1520530325550912784
1520530325600914784
1520530325650916784
1520530325700917784
1520530325750918784
1520530325800920784
1520530325850921784
1520530325900923784
1520530325950541065
1520530326000543065
1520530326050549065
1520530326100546065
1520530326150548065
1520530326200549065
1520530326250551065
1520530326300552065
1520530326350204521
1520530326400205521
1520530326450207521
1520530326500208521
1520530326550210521
1520530326600212521
1520530326650213521
1520530326700215521
1520530326750426416
1520530326800428416
1520530326850429416
1520530326900431416
1520530326950432416
1520530327000434416
1520530327050437416
1520530327100437416
1520530327150430574
1520530327200432574
1520530327250434574
1520530327300435574
1520530327350436574
1520530327400438574
1520530327450440574
1520530327500441574
1520530327550090100
1520530327600091100
1520530327650103100
1520530327700094100
1520530327750096100
1520530327800097100
1520530327850099100
1520530327900100100
1520530327950102100
1520530328000279732
1520530328050281732
1520530328100282732
1520530328150284732
1520530328200286732
1520530328250287732
1520530328300289732
1520530328350290732
1520530328400336591
1520530328450337591
1520530328500339591
1520530328550341591
1520530328600343591
1520530328650345591
1520530328700346591
1520530328750347591
1520530328800086153
1520530328850087153
1520530328900089153
1520530328950091153
1520530329000092153
1520530329050093153
1520530329100095153
1520530329150097153
1520530329200044188
1520530329250095188
1520530329300047188
1520530329350049188
1520530329400050188
1520530329450052188
1520530329500053188
1520530329550055188
1520530329600096890
1520530329650098890
1520530329700099890
1520530329750101890
1520530329800103890
1520530329850104890
1520530329900106890
1520530329950108890
1520530330000109890
1520530330050161363
1520530330100162363
1520530330150164363
1520530330200165363
1520530330250167363
1520530330300169363
1520530330350170363
1520530330400172363
1520530330450787328
1520530330500788328
1520530330550790328
1520530330600792328
1520530330650793328
1520530330700795328
1520530330750797328
1520530330800798328
1520530330850366767
1520530330900276767
1520530330950278767
1520530331000279767
1520530331050281767
1520530331100282767
1520530331150284767
1520530331200285767
1520530331250735346
1520530331300736346
1520530331350738346
1520530331400740346
1520530331450741346
1520530331500743346
1520530331550744346
1520530331600746346
1520530331650478995
1520530331700480995
1520530331750482995
1520530331800483995
1520530331850485995
1520530331900487995
1520530331950488995
1520530332000490995
1520530332050387293
1520530332100388293
1520530332150390293
1520530332200392293
1520530332250393293
1520530332300399293
1520530332350396293
1520530332400401293
1520530332450399293
1520530332500482556
1520530332550483556
1520530332600485556
1520530332650487556
1520530332700488556
1520530332750490556
1520530332800491556
1520530332850493556
1520530332900163890
1520530332950165890
1520530333000167890
1520530333050168890
1520530333100170890
1520530333150172890
1520530333200173890
1520530333250174890
1520530333300607907
1520530333350609907
1520530333400611907
1520530333450612907
1520530333500614907
1520530333550615907
1520530333600617907
1520530333650618907
1520530333700541328
1520530333750542328
1520530333800544328
1520530333850545328
1520530333900547328
1520530333950549328
1520530334000561328
1520530334050551328
1520530334100215925
1520530334150217925
1520530334200218925
1520530334250220925
1520530334300221925
1520530334350223925
1520530334400224925
1520530334450226925
1520530334500227925
1520530334550085714
1520530334600087714
1520530334650088714
1520530334700090714
1520530334750091714
1520530334800093714
1520530334850094714
1520530334900096714
1520530334950927626
1520530335000928626
1520530335050930626
1520530335100932626
1520530335150933626
1520530335200935626
1520530335250936626
1520530335300937626
1520530335351457328
1520530335401458328
1520530335451459328
1520530335501461328
1520530335551462328
1520530335601512328
1520530335651465328
1520530335701467328
1520530335750222591
1520530335800223591
1520530335850225591
1520530335900226591
1520530335950228591
1520530336000229591
1520530336050231591
1520530336100232591
1520530336150177258
1520530336200179258
1520530336250180258
1520530336300182258
1520530336350183258
1520530336400185258
1520530336450186258
1520530336500188258
1520530336550581697
1520530336600583697
1520530336650585697
1520530336700585697
1520530336750587697
1520530336800589697
1520530336850590697
1520530336900593697
1520530336950593697
1520530337000258223
1520530337050259223
1520530337100266223
1520530337150262223
1520530337200351223
1520530337250265223
1520530337300267223
1520530337350269223
1520530337400301030
1520530337450303030
1520530337500304030
1520530337550306030
1520530337600307030
1520530337650309030
1520530337700310030
1520530337750312030
1520530337800853679
1520530337850854679
1520530337900856679
1520530337950857679
1520530338000859679
1520530338050861679
1520530338100862679
1520530338150863679
1520530338200470451
1520530338250472451
1520530338300474451
1520530338350475451
1520530338400477451
1520530338450478451
1520530338500480451
1520530338550481451
1520530338600259802
1520530338650260802
1520530338700262802
1520530338750265802
1520530338800265802
1520530338850266802
1520530338900268802
1520530338950269802
1520530339000271802
1520530339050958784
1520530339100959784
1520530339150961784
1520530339200962784
1520530339250964784
1520530339300965784
1520530339350967784
1520530339400969784
1520530339451687416
1520530339501689416
1520530339551690416
1520530339601692416
1520530339651693416
1520530339701695416
1520530339751697416
1520530339801698416
1520530339851056276
1520530339901057276
1520530339951059276
1520530340001061276
1520530340051062276
1520530340101063276
1520530340151065276
1520530340201067276
1520530340250395363
1520530340300397363
1520530340350399363
1520530340400400363
1520530340450401363
1520530340500403363
1520530340550404363
1520530340600406363
1520530340650346819
1520530340700347819
1520530340750349819
1520530340800350819
1520530340850352819
1520530340900353819
1520530340950355819
1520530341000357819
1520530341050773767
1520530341100775767
1520530341150776767
1520530341200778767
1520530341250779767
1520530341300781767
1520530341350783767
1520530341400784767
1520530341450786767
1520530341500712697
1520530341550713697
1520530341600715697
1520530341650716697
1520530341700718697
1520530341750719697
1520530341800721697
1520530341850722697
1520530341900542100
1520530341950578100
1520530342000545100
1520530342050546100
1520530342100548100
1520530342150549100
1520530342200551100
1520530342250553100
1520530342300672697
1520530342350674697
1520530342400675697
1520530342450677697
1520530342500678697
1520530342550680697
1520530342600682697
1520530342650683697
1520530342700642890
1520530342750643890
1520530342800645890
1520530342850647890
1520530342900648890
1520530342950650890
1520530343000652890
1520530343050653890
1520530343101130890
1520530343151132890
1520530343201133890
1520530343251135890
1520530343301137890
1520530343351139890
1520530343401140890
1520530343451143890
1520530343501403539
1520530343551475539
1520530343601406539
1520530343651407539
1520530343701409539
1520530343751410539
1520530343801412539
1520530343851414539
1520530343901415539
1520530343951401679
1520530344001402679
1520530344051404679
1520530344101405679
1520530344151407679
1520530344201409679
1520530344251410679
1520530344301412679
1520530344351408556
1520530344401410556
1520530344451412556
1520530344501413556
1520530344551415556
1520530344601417556
1520530344651418556
1520530344701420556
1520530344751636223
1520530344801638223
1520530344851639223
1520530344901641223
1520530344951642223
1520530345001644223
1520530345051645223
1520530345101647223
1520530345151845486
1520530345201743486
1520530345251744486
1520530345301746486
1520530345351747486
1520530345401749486
1520530345451751486
1520530345501752486
1520530345551194697
1520530345601195697
1520530345651197697
1520530345701198697
1520530345751200697
1520530345801202697
1520530345851203697
1520530345901205697
1520530345951161381
1520530346001474521
1520530346051476521
1520530346101478521
1520530346151479521
1520530346201480521
1520530346251483521
1520530346301484521
1520530346351486521
1520530346401376153
1520530346451378153
1520530346501379153
1520530346551380153
1520530346601382153
1520530346651383153
1520530346701385153
1520530346751386153
1520530346801544644
1520530346851545644
1520530346901547644
1520530346951548644
1520530347001550644
1520530347051552644
1520530347101553644
1520530347151555644
1520530347201399872
1520530347251401872
1520530347301402872
1520530347351404872
1520530347401406872
1520530347451407872
1520530347501409872
1520530347551410872
1520530347601217995
1520530347651219995
1520530347701221995
1520530347751222995
1520530347801223995
1520530347851225995
1520530347901226995
1520530347951228995
1520530348001162854
1520530348051163854
1520530348101165854
1520530348151167854
1520530348201168854
1520530348251169854
1520530348301183854
1520530348351172854
1520530348401174854
1520530348451416556
1520530348501418556
1520530348551419556
1520530348601421556
1520530348651423556
1520530348701424556
1520530348751426556
1520530348801427556
1520530348851314539
1520530348901315539
1520530348951317539
1520530349001319539
1520530349051320539
1520530349101322539
1520530349151324539
1520530349201325539
1520530349251105995
1520530349301106995
1520530349351108995
1520530349401109995
1520530349451111995
1520530349501113995
1520530349551114995
1520530349601116995
1520530349650934697
1520530349700936697
1520530349750942697
1520530349800939697
1520530349850940697
1520530349900985697
1520530349950943697
1520530350000945697
1520530350051376451
1520530350101378451
1520530350151379451
1520530350201381451
1520530350251383451
1520530350301384451
1520530350351386451
1520530350401387451
1520530350451514644
1520530350501515644
1520530350551517644
1520530350601519644
1520530350651520644
1520530350701522644
1520530350751523644
1520530350801525644
1520530350851526644
1520530350901570679
1520530350951572679
1520530351001573679
1520530351051575679
1520530351101577679
1520530351151578679
1520530351201580679
1520530351251581679
1520530351301682977
1520530351351679977
1520530351401684977
1520530351451682977
1520530351501758977
1520530351551685977
1520530351601687977
1520530351651688977
1520530351701694977
1520530351751695977
1520530351801697977
1520530351851699977
1520530351901700977
1520530351951702977
1520530352001703977
1520530352051705977
1520530352101805381
1520530352151806381
1520530352201808381
1520530352251809381
1520530352301811381
1520530352351812381
1520530352401814381
1520530352451816381
1520530352501468679
1520530352551470679
1520530352601471679
1520530352651473679
1520530352701474679
1520530352751476679
1520530352801477679
1520530352851479679
1520530352901098100
1520530352951099100
1520530353001101100
1520530353051102100
1520530353101208100
1520530353151105100
1520530353201107100
1520530353251108100
1520530353301110100
1520530353351397714
1520530353401398714
1520530353451400714
1520530353501401714
1520530353551403714
1520530353601404714
1520530353651406714
1520530353701407714
1520530353751735749
1520530353801737749
1520530353851738749
1520530353901740749
1520530353951741749
1520530354001743749
1520530354051744749
1520530354101746749
1520530354151896258
1520530354201897258
1520530354251899258
1520530354301900258
1520530354351902258
1520530354401904258
1520530354451905258
1520530354501907258
1520530354551593714
1520530354601592714
1520530354651594714
1520530354701595714
1520530354751596714
1520530354801598714
1520530354851599714
1520530354901601714
1520530354951359153
1520530355001360153
1520530355051362153
1520530355101363153
1520530355151365153
1520530355201366153
1520530355251368153
1520530355301370153
1520530355351371153
1520530355401407469
1520530355451408469
1520530355501410469
1520530355551411469
1520530355601414469
1520530355651415469
1520530355701417469
1520530355751418469
1520530355801530907
1520530355851532907
1520530355901533907
1520530355951535907
1520530356001536907
1520530356051538907
1520530356101540907
1520530356151541907
1520530356201375977
1520530356251379977
1520530356301378977
1520530356351379977
1520530356401381977
1520530356451382977
1520530356501384977
1520530356551385977
1520530356601232469
1520530356651234469
1520530356701235469
1520530356751237469
1520530356801238469
1520530356851240469
1520530356901242469
1520530356951243469
1520530357001152556
1520530357051153556
1520530357101155556
1520530357151156556
1520530357201158556
1520530357251159556
1520530357301161556
1520530357351163556
1520530357401657890
1520530357451659890
1520530357501661890
1520530357551662890
1520530357601665890
1520530357651665890
1520530357701666890
1520530357751668890
1520530357801670890
1520530357851585223
1520530357901559223
1520530357951560223
1520530358001562223
1520530358051563223
1520530358101565223
1520530358151567223
1520530358201568223
1520530358251625170
1520530358301626170
1520530358351628170
1520530358401629170
1520530358451631170
1520530358501632170
1520530358551634170
1520530358601636170
1520530358651798293
1520530358701800293
1520530358751801293
1520530358801803293
1520530358851805293
1520530358901806293
1520530358951808293
1520530359001810293
1520530359051805749
1520530359101810749
1520530359151808749
1520530359201809749
1520530359251811749
1520530359301812749
1520530359351814749
1520530359401816749
1520530359451918854
1520530359501869854
1520530359551870854
1520530359601872854
1520530359651873854
1520530359701875854
1520530359751877854
1520530359801878854
1520530359851880854
1520530359901825784
1520530359951827784
1520530360001828784
1520530360051830784
1520530360101831784
1520530360151833784
1520530360201835784
1520530360251836784
1520530360301316118
1520530360351317118
1520530360401319118
1520530360451321118
1520530360501323118
1520530360551324118
1520530360601326118
1520530360651327118
1520530360700978083
1520530360750980083
1520530360800981083
1520530360850983083
1520530360900984083
1520530360950988083
1520530361000988083
1520530361051064083
1520530361101043995
1520530361151044995
1520530361201046995
1520530361251047995
1520530361301049995
1520530361351050995
1520530361401052995
1520530361451054995
1520530361501690030
1520530361551692030
1520530361601693030
1520530361651695030
1520530361701696030
1520530361751698030
1520530361801700030
1520530361851701030
1520530361901939170
1520530361951941170
1520530362001942170
1520530362051944170
1520530362101945170
1520530362151947170
1520530362201949170
1520530362251950170
1520530362301951170
1520530362351623205
1520530362401625205
1520530362451626205
1520530362501628205
1520530362551629205
1520530362601631205
1520530362651727205
1520530362701634205
1520530362751363767
1520530362801365767
1520530362851366767
1520530362901368767
1520530362951369767
1520530363001371767
1520530363051373767
1520530363101374767
1520530363151649749
1520530363201650749
1520530363251652749
1520530363301653749
1520530363351655749
1520530363401657749
1520530363451658749
1520530363501660749
1520530363551745205
1520530363601746205
1520530363651748205
1520530363701749205
1520530363751751205
1520530363801753205
1520530363851754205
1520530363901756205
1520530363951779942
1520530364001781942
1520530364051783942
1520530364101784942
1520530364151785942
1520530364201787942
1520530364251788942
1520530364301790942
1520530364351791942
1520530364401852819
1520530364451853819
1520530364501855819
1520530364551857819
1520530364601858819
1520530364651860819
1520530364701861819
1520530364751863819
1520530364802375486
1520530364852377486
1520530364902378486
1520530364952380486
1520530365002382486
1520530365052383486
1520530365102385486
1520530365152386486
1520530365201843644
1520530365251845644
1520530365301846644
1520530365351848644
1520530365401849644
1520530365451851644
1520530365501852644
1520530365551854644
1520530365601534802
1520530365651536802
1520530365701538802
1520530365751539802
1520530365801545802
1520530365851542802
1520530365901544802
1520530365951545802
1520530366001907451
1520530366051908451
1520530366101910451
1520530366151911451
1520530366201913451
1520530366251915451
1520530366301916451
1520530366351918451
1520530366402119591
1520530366452121591
1520530366502123591
1520530366552124591
1520530366602126591
1520530366652127591
1520530366702129591
1520530366752131591
1520530366802132591
1520530366852165609
1520530366902166609
1520530366952168609
1520530367002169609
1520530367052171609
1520530367102177609
1520530367152174609
1520530367202176609
1520530367252539574
1520530367302540574
1520530367352542574
1520530367402544574
1520530367452545574
1520530367502547574
1520530367552548574
1520530367602550574
1520530367652264205
1520530367702266205
1520530367752267205
1520530367802269205
1520530367852271205
1520530367902272205
1520530367952274205
1520530368002275205
1520530368052124012
1520530368102125012
1520530368152127012
1520530368202129012
1520530368252130012
1520530368302132012
1520530368352134012
1520530368402135012
1520530368452048311
1520530368502050311
1520530368552051311
1520530368602053311
1520530368652054311
1520530368702056311
1520530368752057311
1520530368802058311
1520530368851388802
1520530368901390802
1520530368951391802
1520530369001393802
1520530369051394802
1520530369101396802
1520530369151397802
1520530369201399802
1520530369251400802
1520530369301536767
1520530369351537767
1520530369401539767
1520530369451541767
1520530369501542767
1520530369551544767
1520530369601545767
1520530369651547767
1520530369701896416
1520530369751898416
1520530369801900416
1520530369851901416
1520530369901903416
1520530369951905416
1520530370001906416
1520530370051908416
1520530370101929714
1520530370151930714
1520530370201932714
1520530370251933714
1520530370301934714
1520530370351936714
1520530370401937714
1520530370451939714
1520530370501882556
1520530370551883556
1520530370601898556
1520530370651886556
1520530370701888556
1520530370751889556
1520530370801891556
1520530370851892556
1520530370901941012
1520530370951942012
1520530371001944012
1520530371051946012
1520530371101947012
1520530371151949012
1520530371201950012
1520530371251952012
1520530371301953012
1520530371351951223
1520530371401953223
1520530371451954223
1520530371501956223
1520530371551958223
1520530371601959223
1520530371651961223
1520530371701962223
1520530371751958661
1520530371801960661
1520530371851962661
1520530371901963661
1520530371951965661
1520530372001967661
1520530372051968661
1520530372101970661
1520530372151954890
1520530372201976890
1520530372251957890
1520530372301959890
1520530372351960890
1520530372401962890
1520530372451963890
1520530372501965890
1520530372551956293
1520530372601958293
1520530372651960293
1520530372701961293
1520530372751963293
1520530372801964293
1520530372851966293
1520530372901967293
1520530372951617363
1520530373001619363
1520530373051620363
1520530373101622363
1520530373151624363
1520530373201626363
1520530373251627363
1520530373301629363
1520530373351456749
1520530373401457749
1520530373451459749
1520530373501460749
1520530373551462749
1520530373601464749
1520530373651465749
1520530373701466749
1520530373751468749
1520530373801615398
1520530373851583398
1520530373901585398
1520530373951586398
1520530374001588398
1520530374051589398
1520530374101591398
1520530374151592398
1520530374201952714
1520530374251954714
1520530374301955714
1520530374351957714
1520530374401958714
1520530374451960714
1520530374501961714
1520530374551963714
1520530374602406977
1520530374652407977
1520530374702409977
1520530374752411977
1520530374802412977
1520530374852414977
1520530374902416977
1520530374952417977
1520530375002441644
1520530375052443644
1520530375102444644
1520530375152446644
1520530375202448644
1520530375252453644
1520530375302451644
1520530375352452644
1520530375402251819
1520530375452213819
1520530375502215819
1520530375552216819
1520530375602218819
1520530375652219819
1520530375702221819
1520530375752222819
1520530375802224819
1520530375852258469
1520530375902259469
1520530375952261469
1520530376002262469
1520530376052264469
1520530376102265469
1520530376152267469
1520530376202269469
1520530376251949486
1520530376301951486
1520530376351953486
1520530376401954486
1520530376451956486
1520530376501958486
1520530376551959486
1520530376601961486
1520530376652663047
1520530376702664047
1520530376752666047
1520530376802668047
1520530376852669047
1520530376902671047
1520530376952672047
1520530377002721047
1520530377052897574
1520530377102899574
1520530377152900574
1520530377202902574
1520530377252903574
1520530377302905574
1520530377352906574
1520530377402908574
1520530377451719346
1520530377501720346
1520530377551722346
1520530377601723346
1520530377651725346
1520530377701726346
1520530377751728346
1520530377801730346
1520530377851406925
1520530377901408925
1520530377951410925
1520530378001411925
1520530378051413925
1520530378101415925
1520530378151416925
1520530378201418925
1520530378251419925
1520530378301511381
1520530378351513381
1520530378401515381
1520530378451516381
1520530378501517381
1520530378551519381
1520530378601571381
1520530378651522381
1520530378702209223
1520530378752210223
1520530378802212223
1520530378852213223
1520530378902215223
1520530378952216223
1520530379002218223
1520530379052220223
1520530379102149083
1520530379152151083
1520530379202152083
1520530379252154083
1520530379302155083
1520530379352157083
1520530379402159083
1520530379452160083
1520530379501849661
1520530379551851661
1520530379601852661
1520530379651854661
1520530379701855661
1520530379751857661
1520530379801859661
1520530379851860661
1520530379901824258
1520530379951826258
1520530380001827258
1520530380051829258
1520530380101830258
1520530380151832258
1520530380201888258
1520530380251835258
1520530380301736065
1520530380352160433
1520530380402162433
1520530380452163433
1520530380502165433
1520530380552166433
1520530380602168433
1520530380652170433
1520530380702171433
1520530380752134697
1520530380802135697
1520530380852137697
1520530380902138697
1520530380952140697
1520530381002142697
1520530381052143697
1520530381102145697
1520530381152047626
1520530381202048626
1520530381252050626
1520530381302051626
1520530381352053626
1520530381402055626
1520530381452056626
1520530381502057626
1520530381552262363
1520530381602264363
1520530381652265363
1520530381702267363
1520530381752268363
1520530381802324363
1520530381852271363
1520530381902273363
1520530381952332328
1520530382002334328
1520530382052335328
1520530382102337328
1520530382152338328
1520530382202340328
1520530382252342328
1520530382302343328
1520530382352158872
1520530382402159872
1520530382452161872
1520530382502163872
1520530382552164872
1520530382602166872
1520530382652167872
1520530382702169872
1520530382752170872
1520530382802243609
1520530382852245609
1520530382902247609
1520530382952248609
1520530383002249609
1520530383052251609
1520530383102252609
1520530383152254609
1520530383202206416
1520530383252208416
1520530383302209416
1520530383352211416
1520530383402266416
1520530383452214416
1520530383502216416
1520530383552217416
1520530383602471556
1520530383652472556
1520530383702474556
1520530383752475556
1520530383802477556
1520530383852479556
1520530383902480556
1520530383952482556
1520530384002530381
1520530384052531381
1520530384102533381
1520530384152534381
1520530384202536381
1520530384252537381
1520530384302539381
1520530384352541381
1520530384402432346
1520530384452434346
1520530384502435346
1520530384552437346
1520530384602439346
1520530384652440346
1520530384702442346
1520530384752443346
1520530384802857276
1520530384852858276
1520530384902860276
1520530384952861276
1520530385002916276
1520530385052864276
1520530385102866276
1520530385152867276
1520530385202869276
1520530385252704942
1520530385302706942
1520530385352708942
1520530385402709942
1520530385452711942
1520530385502712942
1520530385552714942
1520530385602715942
1520530385652486433
1520530385702487433
1520530385752489433
1520530385802491433
1520530385852492433
1520530385902494433
1520530385952496433
1520530386002497433
1520530386052543784
1520530386102545784
1520530386152546784
1520530386202548784
1520530386252549784
1520530386302551784
1520530386352552784
1520530386402553784
1520530386452757749
1520530386502759749
1520530386552760749
1520530386602813749
1520530386652763749
1520530386702765749
1520530386752766749
1520530386802768749
1520530386852674030
1520530386902676030
1520530386952678030
1520530387002679030
1520530387052681030
1520530387102682030
1520530387152684030
1520530387202685030
1520530387252605907
1520530387302606907
1520530387352608907
1520530387402610907
1520530387452611907
1520530387502613907
1520530387552614907
1520530387602616907
1520530387652618907
1520530387702457469
1520530387752458469
1520530387802460469
1520530387852464469
1520530387902463469
1520530387952464469
1520530388002466469
1520530388052467469
1520530388102493942
1520530388152495942
1520530388202543942
1520530388252498942
1520530388302500942
1520530388352501942
1520530388402503942
1520530388452504942
1520530388502851784
1520530388552853784
1520530388602854784
1520530388652856784
1520530388702857784
1520530388752859784
1520530388802860784
1520530388852862784
1520530388902232907
1520530388952234907
1520530389002236907
1520530389052237907
1520530389102239907
1520530389152241907
1520530389202242907
1520530389252244907
1520530389302933767
1520530389352935767
1520530389402937767
1520530389452938767
1520530389502939767
1520530389552941767
1520530389602942767
1520530389652947767
1520530389702846346
1520530389753402995
1520530389803444995
1520530389853405995
1520530389903407995
1520530389953408995
1520530390003410995
1520530390053411995
1520530390103413995
1520530390152568486
1520530390202569486
1520530390252571486
1520530390302572486
1520530390352574486
1520530390402575486
1520530390452577486
1520530390502578486
1520530390553323995
1520530390603325995
1520530390653326995
1520530390703328995
1520530390753330995
1520530390803332995
1520530390853333995
1520530390903335995
1520530390953379030
1520530391003381030
1520530391053383030
1520530391103384030
1520530391153385030
1520530391203387030
1520530391253388030
1520530391303389030
1520530391352332854
1520530391402365854
1520530391452335854
1520530391502337854
1520530391552338854
1520530391602340854
1520530391652341854
1520530391702343854
1520530391752424521
1520530391802425521
1520530391852427521
1520530391902428521
1520530391952430521
1520530392002431521
1520530392052433521
1520530392102434521
1520530392152436521
1520530392203141609
1520530392253142609
1520530392303144609
1520530392353146609
1520530392403147609
1520530392453149609
1520530392503150609
1520530392553152609
1520530392602234679
1520530392652235679
1520530392702236679
1520530392752238679
1520530392802240679
1520530392852241679
1520530392902242679
1520530392952244679
1520530393002173574
1520530393052153574
1520530393102155574
1520530393152156574
1520530393202158574
1520530393252159574
1520530393302161574
1520530393352163574
1520530393402920784
1520530393452922784
1520530393502923784
1520530393552925784
1520530393602926784
1520530393652928784
1520530393702930784
1520530393752931784
1520530393802957714
1520530393852958714
1520530393902960714
1520530393952962714
1520530394002963714
1520530394052964714
1520530394102967714
1520530394152968714
1520530394202164732
1520530394252166732
1520530394302168732
1520530394352169732
1520530394402171732
1520530394452172732
1520530394502174732
1520530394552175732
1520530394602188732
1520530394652876486
1520530394702878486
1520530394752879486
1520530394802881486
1520530394852882486
1520530394902884486
1520530394952885486
1520530395002887486
1520530395053731311
1520530395103732311
1520530395153734311
1520530395203735311
1520530395253737311
1520530395303738311
1520530395353740311
1520530395403742311
1520530395452704784
1520530395502706784
1520530395552708784
1520530395602709784
1520530395652711784
1520530395702712784
1520530395752714784
1520530395802715784
1520530395853078065
1520530395903079065
1520530395953081065
1520530396003083065
1520530396053084065
1520530396103085065
1520530396153087065
1520530396203089065
1520530396253234837
1520530396303236837
1520530396353237837
1520530396403239837
1520530396453240837
1520530396503242837
1520530396553243837
1520530396603245837
1520530396653247837
1520530396703144556
1520530396753146556
1520530396803147556
1520530396853149556
1520530396903151556
1520530396953152556
1520530397003154556
1520530397053155556
1520530397102781977
1520530397152783977
1520530397202784977
1520530397252786977
1520530397302787977
1520530397352789977
1520530397402790977
1520530397452792977
1520530397502304293
1520530397552306293
1520530397602308293
1520530397652309293
1520530397702310293
1520530397752312293
1520530397802315293
1520530397852315293
1520530397902584872
1520530397952585872
1520530398002587872
1520530398052588872
1520530398102590872
1520530398152591872
1520530398202593872
1520530398252595872
1520530398303365223
1520530398353367223
1520530398403368223
1520530398453370223
1520530398503371223
1520530398553373223
1520530398603375223
1520530398653376223
1520530398703220890
1520530398753222890
1520530398803224890
1520530398853225890
1520530398903226890
1520530398953228890
1520530399003229890
1520530399053231890
1520530399103232890
1520530399152329837
1520530399202331837
1520530399252332837
1520530399302334837
1520530399352335837
1520530399402341837
1520530399452338837
1520530399502340837
1520530399553005907
1520530399603007907
1520530399653008907
1520530399703010907
1520530399753011907
1520530399803013907
1520530399853015907
1520530399903016907
1520530399953274837
1520530400003275837
1520530400053277837
1520530400103278837
1520530400153280837
1520530400203282837
1520530400253283837
1520530400303285837
1520530400352493995
1520530400402495995
1520530400452497995
1520530400502499995
1520530400552500995
1520530400602501995
1520530400652503995
1520530400702504995
1520530400752291205
1520530400802292205
1520530400852294205
1520530400902295205
1520530400952297205
1520530401002299205
1520530401052300205
1520530401102302205
1520530401152303205
1520530401202755030
1520530401252756030
1520530401302758030
1520530401352759030
1520530401402761030
1520530401452763030
1520530401502764030
1520530401552766030
1520530401603037205
1520530401653039205
1520530401703041205
1520530401753042205
1520530401803044205
1520530401853045205
1520530401903047205
1520530401953048205
1520530402002281153
1520530402052283153
1520530402102285153
1520530402152286153
1520530402202287153
1520530402252289153
1520530402302290153
1520530402352292153
1520530402402566556
1520530402452568556
1520530402502570556
1520530402552571556
1520530402602573556
1520530402652671556
1520530402702576556
1520530402752577556
1520530402803416258
1520530402853417258
1520530402903419258
1520530402953420258
1520530403003422258
1520530403053424258
1520530403103425258
1520530403153427258
1520530403202933100
1520530403252935100
1520530403302936100
1520530403352938100
1520530403402940100
1520530403452941100
1520530403502943100
1520530403552945100
1520530403602946100
1520530403652253644
1520530403702255644
1520530403752256644
1520530403802257644
1520530403852260644
1520530403902260644
1520530403952262644
1520530404002263644
1520530404052744521
1520530404102746521
1520530404152747521
1520530404202749521
1520530404252828521
1520530404302752521
1520530404352753521
1520530404402755521
1520530404453112240
1520530404503114240
1520530404553115240
1520530404603117240
1520530404653119240
1520530404703120240
1520530404753122240
1520530404803123240
1520530404852641802
1520530404902642802
1520530404952644802
1520530405002646802
1520530405052647802
1520530405102649802
1520530405152650802
1520530405202652802
1520530405252326854
1520530405302329854
1520530405352330854
1520530405402332854
1520530405452333854
1520530405502334854
1520530405552336854
1520530405602338854
1520530405652791504
1520530405702792504
1520530405752794504
1520530405802796504
1520530405852855504
1520530405902799504
1520530405952800504
1520530406002802504
1520530406052803504
1520530406103569433
1520530406153570433
1520530406203572433
1520530406253574433
1520530406303575433
1520530406353577433
1520530406403578433
1520530406453580433
1520530406503485293
1520530406553487293
1520530406603489293
1520530406653490293
1520530406703492293
1520530406753493293
1520530406803495293
1520530406853497293
1520530406902691784
1520530406952692784
1520530407002693784
1520530407052695784
1520530407102697784
1520530407152698784
1520530407202700784
1520530407252701784
1520530407303184784
1520530407353184784
1520530407403186784
1520530407453220784
1520530407503189784
1520530407553190784
1520530407603192784
1520530407653193784
1520530407703509609
1520530407753510609
1520530407803512609
1520530407853514609
1520530407903515609
1520530407953517609
1520530408003518609
1520530408053520609
1520530408103521609
1520530408153603118
1520530408203605118
1520530408253606118
1520530408303608118
1520530408353609118
1520530408403612118
1520530408453613118
1520530408503614118
1520530408553373732
1520530408603375732
1520530408653376732
1520530408703378732
1520530408753379732
1520530408803381732
1520530408853382732
1520530408903384732
1520530408952877732
1520530409002879732
1520530409052889732
1520530409102882732
1520530409152883732
1520530409202885732
1520530409252886732
1520530409302888732
1520530409352902012
1520530409402904012
1520530409452906012
1520530409502907012
1520530409552909012
1520530409602910012
1520530409652912012
1520530409702913012
1520530409752654100
1520530409802656100
1520530409852657100
1520530409902659100
1520530409952660100
1520530410002662100
1520530410052664100
1520530410102666100
1520530410153222469
1520530410203224469
1520530410253225469
1520530410303227469
1520530410353231469
1520530410403230469
1520530410453231469
1520530410503232469
1520530410553234469
1520530410603874995
1520530410653875995
1520530410703877995
1520530410753878995
1520530410803880995
1520530410853881995
1520530410903883995
1520530410953884995
1520530411003417732
1520530411053419732
1520530411103420732
1520530411153422732
1520530411203423732
1520530411253425732
1520530411303426732
1520530411353428732
1520530411403008907
1520530411453009907
1520530411503011907
1520530411553012907
1520530411603014907
1520530411653016907
1520530411703017907
1520530411753019907
1520530411802906469
1520530411852907469
1520530411902908469
1520530411952910469
1520530412002911469
1520530412052913469
1520530412102914469
1520530412152916469
1520530412203415942
1520530412253416942
1520530412303418942
1520530412353419942
1520530412403421942
1520530412453422942
1520530412503424942
1520530412553425942
1520530412603427942
1520530412653629661
1520530412703630661
1520530412753632661
1520530412803633661
1520530412853635661
1520530412903636661
1520530412953638661
1520530413003640661
1520530413053008819
1520530413103010819
1520530413153011819
1520530413203013819
1520530413253015819
1520530413303016819
1520530413353018819
1520530413403020819
1520530413452940205
1520530413502941205
1520530413552943205
1520530413602944205
1520530413652946205
1520530413702947205
1520530413752949205
1520530413802951205
1520530413853107083
1520530413903189083
1520530413953110083
1520530414003112083
1520530414053113083
1520530414103115083
1520530414153116083
1520530414203118083
1520530414252894469
1520530414302895469
1520530414352897469
1520530414402898469
1520530414452900469
1520530414502901469
1520530414552903469
1520530414602905469
1520530414652705205
1520530414702707205
1520530414752708205
1520530414802710205
1520530414852712205
1520530414902714205
1520530414952715205
1520530415002717205
1520530415052718205
1520530415103194714
1520530415153196714
1520530415203198714
1520530415253199714
1520530415303201714
1520530415353202714
1520530415403204714
1520530415453205714
1520530415503114854
1520530415553068854
1520530415603070854
1520530415653071854
1520530415703073854
1520530415753074854
1520530415803076854
1520530415853078854
1520530415903361118
1520530415953363118
1520530416003364118
1520530416053366118
1520530416103368118
1520530416153369118
1520530416203371118
1520530416253372118
1520530416303375311
1520530416353376311
1520530416403378311
1520530416453380311
1520530416503381311
1520530416553383311
1520530416603384311
1520530416653386311
1520530416703272433
1520530416753274433
1520530416803276433
1520530416853277433
1520530416903278433
1520530416953280433
1520530417003282433
1520530417053283433
1520530417103391276
1520530417153371276
1520530417203373276
1520530417253374276
1520530417303376276
1520530417353378276
1520530417403379276
1520530417453381276
1520530417503382276
1520530417553464346
1520530417603465346
1520530417653467346
1520530417703468346
1520530417753470346
1520530417803472346
1520530417853473346
1520530417903475346
1520530417953455504
1520530418003457504
1520530418053458504
1520530418103460504
1520530418153462504
1520530418203464504
1520530418253465504
1520530418303467504
1520530418353431311
1520530418403432311
1520530418453434311
1520530418503435311
1520530418553437311
1520530418603439311
1520530418653440311
1520530418703442311
1520530418753342749
1520530418803344749
1520530418853345749
1520530418903347749
1520530418953349749
1520530419003350749
1520530419053352749
1520530419103353749
1520530419153533012
1520530419203534012
1520530419253536012
1520530419303537012
1520530419353539012
1520530419403541012
1520530419453542012
1520530419503544012
1520530419553545012
1520530419603729398
1520530419653731398
1520530419703733398
1520530419753734398
1520530419803736398
1520530419853738398
1520530419903739398
1520530419953740398
1520530420003596556
1520530420053598556
1520530420103599556
1520530420153601556
1520530420203603556
1520530420253604556
1520530420303606556
1520530420353607556
1520530420403699170
1520530420453700170
1520530420503702170
1520530420553704170
1520530420603705170
1520530420653707170
1520530420703708170
1520530420753710170
1520530420803355872
1520530420853357872
1520530420903358872
1520530420953360872
1520530421003362872
1520530421053363872
1520530421103365872
1520530421153366872
1520530421203429363
1520530421253431363
1520530421303432363
1520530421353434363
1520530421403435363
1520530421453437363
1520530421503439363
1520530421553440363
1520530421603610854
1520530421653612854
1520530421703613854
1520530421753615854
1520530421803616854
1520530421853617854
1520530421903619854
1520530421953692854
1520530422003622854
1520530422053471784
1520530422103473784
1520530422153475784
1520530422203476784
1520530422253478784
1520530422303479784
1520530422353481784
1520530422403482784
1520530422453394539
1520530422503395539
1520530422553397539
1520530422603399539
1520530422653400539
1520530422703402539
1520530422753403539
1520530422803405539
1520530422853580574
1520530422903582574
1520530422953584574
1520530423003586574
1520530423053587574
1520530423103589574
1520530423153590574
1520530423203591574
1520530423253315890
1520530423303316890
1520530423353318890
1520530423403321890
1520530423453321890
1520530423503323890
1520530423553358890
1520530423603326890
1520530423652983328
1520530423702985328
1520530423752986328
1520530423802988328
1520530423852990328
1520530423902991328
1520530423952993328
1520530424002994328
1520530424052950223
1520530424103253118
1520530424153255118
1520530424203257118
1520530424253258118
1520530424303260118
1520530424353261118
1520530424403263118
1520530424453264118
1520530424504722258
1520530424554724258
1520530424604726258
1520530424654727258
1520530424704729258
1520530424754730258
1520530424804732258
1520530424854733258
1520530424903374258
1520530424953377258
1520530425003378258
1520530425053379258
1520530425103381258
1520530425153383258
1520530425203384258
1520530425253385258
1520530425303732030
1520530425353734030
1520530425403735030
1520530425453737030
1520530425503738030
1520530425553740030
1520530425603741030
1520530425653743030
1520530425703674556
1520530425753676556
1520530425803678556
1520530425853679556
1520530425903681556
1520530425953682556
1520530426003684556
1520530426053685556
1520530426103474381
1520530426153475381
1520530426203477381
1520530426253478381
1520530426303480381
1520530426353481381
1520530426403483381
1520530426453484381
1520530426503486381
1520530426553550890
1520530426603552890
1520530426653553890
1520530426703555890
1520530426753557890
1520530426803558890
1520530426853559890
1520530426903561890
1520530426953597556
1520530427003599556
1520530427053601556
1520530427103602556
1520530427153604556
1520530427203605556
1520530427253607556
1520530427303608556
1520530427353592381
1520530427403594381
1520530427453595381
1520530427503597381
1520530427553598381
1520530427603600381
1520530427653601381
1520530427703603381
1520530427753677661
1520530427803678661
1520530427853680661
1520530427903682661
1520530427953683661
1520530428003685661
1520530428053686661
1520530428103691661
1520530428153534925
1520530428203536925
1520530428253537925
1520530428303539925
1520530428353541925
1520530428403617925
1520530428453543925
1520530428503545925
1520530428553451083
1520530428603452083
1520530428653454083
1520530428703455083
1520530428753457083
1520530428803458083
1520530428853460083
1520530428903461083
1520530428953463083
1520530429003444311
1520530429053445311
1520530429103447311
1520530429153448311
1520530429203450311
1520530429253451311
1520530429303453311
1520530429353455311
1520530429403550626
1520530429453552626
1520530429503554626
1520530429553555626
1520530429603557626
1520530429653558626
1520530429703559626
1520530429753561626
1520530429803621732
1520530429853625732
1520530429903624732
1520530429953625732
1520530430003662732
1520530430053628732
1520530430103630732
1520530430153631732
1520530430203344047
1520530430253346047
1520530430303347047
1520530430353349047
1520530430403350047
1520530430453352047
1520530430503353047
1520530430553355047
1520530430603527363
1520530430653528363
1520530430703530363
1520530430753532363
1520530430803533363
1520530430853534363
1520530430903536363
1520530430953538363
1520530431003695995
1520530431053697995
1520530431103699995
1520530431153700995
1520530431203702995
1520530431253703995
1520530431303705995
1520530431353707995
1520530431403708995
1520530431453561995
1520530431503563995
1520530431553564995
1520530431603566995
1520530431653567995
1520530431703569995
1520530431753570995
1520530431803572995
1520530431853524539
1520530431903525539
1520530431953527539
1520530432003528539
1520530432053530539
1520530432103531539
1520530432153533539
1520530432203535539
1520530432253695977
1520530432303697977
1520530432353699977
1520530432403700977
1520530432453701977
1520530432503703977
1520530432553704977
1520530432603707977
1520530432653547854
1520530432703549854
1520530432753550854
1520530432803552854
1520530432853553854
1520530432903555854
1520530432953556854
1520530433003558854
1520530433053690398
1520530433103691398
1520530433153693398
1520530433203694398
1520530433253695398
1520530433303697398
1520530433353699398
1520530433403700398
1520530433453702398
1520530433503793363
1520530433553795363
1520530433603796363
1520530433653798363
1520530433703799363
1520530433753801363
1520530433803803363
1520530433853804363
1520530433903630644
1520530433953631644
1520530434003633644
1520530434053634644
1520530434103636644
1520530434153637644
1520530434203640644
1520530434253641644
1520530434303478012
1520530434353481012
1520530434403481012
1520530434453483012
1520530434503485012
1520530434553486012
1520530434603488012
1520530434653489012
1520530434703655574
1520530434753657574
1520530434803658574
1520530434853722574
1520530434903661574
1520530434953662574
1520530435003664574
1520530435053666574
1520530435103796416
1520530435153798416
1520530435203799416
1520530435253801416
1520530435303802416
1520530435353804416
1520530435403806416
1520530435453807416
1520530435504085626
1520530435554087626
1520530435604088626
1520530435654090626
1520530435704091626
1520530435754093626
1520530435804095626
1520530435854096626
1520530435904098626
1520530435953834854
1520530436003836854
1520530436053837854
1520530436103838854
1520530436153840854
1520530436203842854
1520530436253843854
1520530436303845854
1520530436353955416
1520530436403957416
1520530436453978416
1520530436503960416
1520530436553961416
1520530436603963416
1520530436653965416
1520530436703966416
1520530436754030942
1520530436804031942
1520530436854033942
1520530436904034942
1520530436954036942
1520530437004038942
1520530437054039942
1520530437104041942
1520530437153533539
1520530437203535539
1520530437253536539
1520530437303538539
1520530437353539539
1520530437403542539
1520530437453544539
1520530437503544539
1520530437553870258
1520530437603872258
1520530437653873258
1520530437703875258
1520530437753876258
1520530437803878258
1520530437853879258
1520530437903881258
1520530437954482030
1520530438004481030
1520530438054484030
1520530438104484030
1520530438154486030
1520530438204487030
1520530438254489030
1520530438304490030
1520530438354492030
1520530438403620890
1520530438453622890
1520530438503623890
1520530438553625890
1520530438603627890
1520530438653628890
1520530438703630890
1520530438753631890
1520530438804389469
1520530438854391469
1520530438904392469
1520530438954394469
1520530439004395469
1520530439054397469
1520530439104398469
1520530439154400469
1520530439204653837
1520530439254654837
1520530439304656837
1520530439354658837
1520530439404659837
1520530439454660837
1520530439504662837
1520530439554664837
1520530439604176925
1520530439654177925
1520530439704262925
1520530439754181925
1520530439804182925
1520530439854184925
1520530439904185925
1520530439954187925
1520530440004098609
1520530440054100609
1520530440104101609
1520530440154103609
1520530440204105609
1520530440254106609
1520530440304108609
1520530440354109609
1520530440404111609
1520530440453976679
1520530440503978679
1520530440553979679
1520530440603981679
1520530440653983679
1520530440703985679
1520530440753986679
1520530440803988679
1520530440853871240
1520530440903872240
1520530440953874240
1520530441003875240
1520530441053876240
1520530441103878240
1520530441153883240
1520530441203881240
1520530441253888925
1520530441303926925
1520530441353891925
1520530441403892925
1520530441453894925
1520530441503895925
1520530441553897925
1520530441603898925
1520530441654082749
1520530441704083749
1520530441754085749
1520530441804087749
1520530441854088749
1520530441904090749
1520530441954091749
1520530442004093749
1520530442054029626
1520530442104031626
1520530442154033626
1520530442204034626
1520530442254037626
1520530442304037626
1520530442354039626
1520530442404041626
1520530442453713574
1520530442503715574
1520530442553716574
1520530442603718574
1520530442653720574
1520530442703721574
1520530442753722574
1520530442803724574
1520530442853725574
1520530442904376346
1520530442954377346
1520530443004379346
1520530443054381346
1520530443104382346
1520530443154384346
1520530443204385346
1520530443254387346
1520530443304466381
1520530443354468381
1520530443404470381
1520530443454471381
1520530443504473381
1520530443554474381
1520530443604476381
1520530443654478381
1520530443704013065
1520530443754014065
1520530443804016065
1520530443854018065
1520530443904020065
1520530443954022065
1520530444004023065
1520530444054024065
1520530444104402486
1520530444154403486
1520530444204405486
1520530444254406486
1520530444304408486
1520530444354410486
1520530444404411486
1520530444454413486
1520530444505161363
1520530444555263363
1520530444605164363
1520530444655166363
1520530444705167363
1520530444755169363
1520530444805170363
1520530444855172363
1520530444905173363
1520530444954962311
1520530445004964311
1520530445054965311
1520530445104967311
1520530445154968311
1520530445204970311
1520530445254971311
1520530445304973311
1520530445353891644
1520530445403893644
1520530445453895644
1520530445503897644
1520530445553898644
1520530445603899644
1520530445653901644
1520530445703903644
1520530445753750539
1520530445803752539
1520530445853754539
1520530445903755539
1520530445953756539
1520530446003758539
1520530446053760539
1520530446103761539
1520530446154953907
1520530446204899907
1520530446254901907
1520530446304902907
1520530446354904907
1520530446404905907
1520530446454907907
1520530446504908907
1520530446554783188
1520530446604785188
1520530446654786188
1520530446704788188
1520530446754789188
1520530446804791188
1520530446854792188
1520530446904794188
1520530446954330065
1520530447004332065
1520530447054334065
1520530447104335065
1520530447154337065
1520530447204338065
1520530447254340065
1520530447304342065
1520530447354343065
1520530447404123942
1520530447454124942
1520530447504126942
1520530447554127942
1520530447604129942
1520530447654130942
1520530447704132942
1520530447754141942
1520530447804071732
1520530447854073732
1520530447904074732
1520530447954076732
1520530448004077732
1520530448054079732
1520530448104080732
1520530448154082732
1520530448203885153
1520530448253886153
1520530448303888153
1520530448353889153
1520530448403891153
1520530448453892153
1520530448503894153
1520530448553895153
1520530448603929784
1520530448653931784
1520530448703933784
1520530448753934784
1520530448803936784
1520530448853938784
1520530448903939784
1520530448953941784
1520530449003905100
1520530449053906100
1520530449103908100
1520530449153910100
1520530449203911100
