1520531124150444163
1520531124200446163
1520531124250447163
1520531124300449163
1520531124350479163
1520531124400452163
1520531124450453163
1520531124500498391
1520531124550499391
1520531124600501391
1520531124650503391
1520531124700504391
1520531124750506391
1520531124800507391
1520531124850509391
1520531124900492216
1520531124950494216
1520531125000496216
1520531125050497216
1520531125100499216
1520531125150500216
1520531125200502216
1520531125250504216
1520531125300517303
1520531125350518303
1520531125400519303
1520531125450521303
1520531125500522303
1520531125550524303
1520531125600526303
1520531125650527303
1520531125700528303
1520531125750551988
1520531125800553988
1520531125850554988
1520531125900556988
1520531125950557988
1520531126000559988
1520531126050560988
1520531126100562988
1520531126150561549
1520531126200562549
1520531126250564549
1520531126300565549
1520531126350567549
1520531126400568549
1520531126450570549
1520531126500571549
1520531126550533128
1520531126600535128
1520531126650536128
1520531126700538128
1520531126750540128
1520531126800541128
1520531126850542128
1520531126900544128
1520531126950600935
1520531127000601935
1520531127050603935
1520531127100605935
1520531127150607935
1520531127200608935
1520531127250609935
1520531127300611935
1520531127350604584
1520531127400606584
1520531127450612584
1520531127500609584
1520531127550610584
1520531127600647584
1520531127650613584
1520531127700615584
1520531127750620654
1520531127800622654
1520531127850624654
1520531127900625654
1520531127950627654
1520531128000628654
1520531128050630654
1520531128100632654
1520531128150633654
1520531128200673338
1520531128250674338
1520531128300676338
1520531128350677338
1520531128400679338
1520531128450680338
1520531128500682338
1520531128550684338
1520531128600600303
1520531128650601303
1520531128700603303
1520531128750604303
1520531128800606303
1520531128850607303
1520531128900608303
1520531128950610303
1520531129000598198
1520531129050599198
1520531129100601198
1520531129150603198
1520531129200604198
1520531129250605198
1520531129300607198
1520531129350609198
1520531129400748795
1520531129450750795
1520531129500751795
1520531129550753795
1520531129600754795
1520531129650756795
1520531129700757795
1520531129750759795
1520531129800849514
1520531129850851514
1520531129900852514
1520531129950853514
1520531130000855514
1520531130050856514
1520531130100858514
1520531130150860514
1520531130200724338
1520531130250725338
1520531130300727338
1520531130350728338
1520531130400729338
1520531130450731338
1520531130500736338
1520531130550734338
1520531130600736338
1520531130651375935
1520531130701377935
1520531130751378935
1520531130801380935
1520531130851426935
1520531130901383935
1520531130951385935
1520531131001386935
1520531131051646128
1520531131101647128
1520531131151649128
1520531131201650128
1520531131251652128
1520531131301654128
1520531131351655128
1520531131401657128
1520531131451589917
1520531131501591917
1520531131551592917
1520531131601594917
1520531131651595917
1520531131701597917
1520531131751598917
1520531131801600917
1520531131851526426
1520531131901528426
1520531131951529426
1520531132001531426
1520531132051532426
1520531132101534426
1520531132151535426
1520531132201537426
1520531132251530496
1520531132301532496
1520531132351535496
1520531132401535496
1520531132451537496
1520531132501538496
1520531132551539496
1520531132601541496
1520531132651543496
1520531132701502040
1520531132751504040
1520531132801505040
1520531132851507040
1520531132901508040
1520531132951510040
1520531133001512040
1520531133051513040
1520531133100784584
1520531133150785584
1520531133200787584
1520531133250788584
1520531133300790584
1520531133350791584
1520531133400794584
1520531133450795584
1520531133500787549
1520531133550789549
1520531133600790549
1520531133650791549
1520531133700793549
1520531133750795549
1520531133800796549
1520531133850797549
1520531133901156952
1520531133951157952
1520531134001159952
1520531134051161952
1520531134101211952
1520531134151163952
1520531134201165952
1520531134251167952
1520531134301052321
1520531134351054321
1520531134401055321
1520531134451057321
1520531134501058321
1520531134551060321
1520531134601062321
1520531134651063321
1520531134701134724
1520531134751135724
1520531134801137724
1520531134851138724
1520531134901140724
1520531134951141724
1520531135001143724
1520531135051146724
1520531135101146724
1520531135151028444
1520531135201030444
1520531135251031444
1520531135301033444
1520531135351034444
1520531135401036444
1520531135451038444
1520531135501039444
1520531135550886847
1520531135600887847
1520531135650889847
1520531135700893847
1520531135750892847
1520531135800893847
1520531135850895847
1520531135900896847
1520531135950986777
1520531136000987777
1520531136050989777
1520531136100990777
1520531136150992777
1520531136200994777
1520531136250995777
1520531136300997777
1520531136351140251
1520531136401142251
1520531136451143251
1520531136501145251
1520531136551146251
1520531136601148251
1520531136651150251
1520531136701152251
1520531136750936619
1520531136800938619
1520531136850939619
1520531136900941619
1520531136950943619
1520531137000944619
1520531137050945619
1520531137100947619
1520531137150800777
1520531137200801777
1520531137250802777
1520531137300804777
1520531137350858777
1520531137400807777
1520531137450809777
1520531137500810777
1520531137550812777
1520531137601022128
1520531137651024128
1520531137701025128
1520531137751027128
1520531137801029128
1520531137851030128
1520531137901032128
1520531137951033128
1520531138001683619
1520531138051684619
1520531138101686619
1520531138151687619
1520531138201689619
1520531138251691619
1520531138301692619
1520531138351694619
1520531138401491356
1520531138451492356
1520531138501494356
1520531138551495356
1520531138601497356
1520531138651498356
1520531138701500356
1520531138751501356
1520531138801788619
1520531138851789619
1520531138901791619
1520531138951793619
1520531139001794619
1520531139051796619
1520531139101797619
1520531139151799619
1520531139201346514
1520531139251348514
1520531139301349514
1520531139351351514
1520531139401353514
1520531139451354514
1520531139501356514
1520531139551357514
1520531139601359514
1520531139651872303
1520531139701874303
1520531139751875303
1520531139801877303
1520531139851879303
1520531139901880303
1520531139951883303
1520531140001884303
1520531140050811830
1520531140100813830
1520531140150815830
1520531140200816830
1520531140250817830
1520531140300819830
1520531140350820830
1520531140400822830
1520531140450687409
1520531140500689409
1520531140550691409
1520531140600748409
1520531140650694409
1520531140700695409
1520531140750697409
1520531140800698409
1520531140851845742
1520531140901846742
1520531140951848742
1520531141001850742
1520531141051851742
1520531141101853742
1520531141151854742
1520531141201856742
1520531141251637742
1520531141301639742
1520531141351641742
1520531141401642742
1520531141451644742
1520531141501645742
1520531141551647742
1520531141601649742
1520531141650898040
1520531141700899040
1520531141750902040
1520531141800903040
1520531141850904040
1520531141900911040
1520531141950908040
1520531142000909040
1520531142050911040
1520531142101145163
1520531142151146163
1520531142201153163
1520531142251150163
1520531142301151163
1520531142351153163
1520531142401154163
1520531142451156163
1520531142501859970
1520531142551861970
1520531142601863970
1520531142651864970
1520531142701866970
1520531142751867970
1520531142801869970
1520531142851871970
1520531142900985602
1520531142950986602
1520531143000988602
1520531143050990602
1520531143100991602
1520531143150993602
1520531143200995602
1520531143250996602
1520531143300930952
1520531143350931952
1520531143400933952
1520531143450935952
1520531143500936952
1520531143550938952
1520531143600939952
1520531143650943952
1520531143701891303
1520531143751893303
1520531143801894303
1520531143851952303
1520531143901897303
1520531143951899303
1520531144001900303
1520531144051902303
1520531144101903303
1520531144150936181
1520531144200938181
1520531144250939181
1520531144300941181
1520531144350942181
1520531144400944181
1520531144450945181
1520531144500947181
1520531144550944742
1520531144600946742
1520531144650948742
1520531144700949742
1520531144750951742
1520531144800953742
1520531144850954742
1520531144900955742
1520531144951330865
1520531145001332865
1520531145051334865
1520531145101335865
1520531145151337865
1520531145201338865
1520531145251340865
1520531145301341865
1520531145351669479
1520531145401670479
1520531145451672479
1520531145501673479
1520531145551675479
1520531145601676479
1520531145651678479
1520531145701679479
1520531145751482040
1520531145801484040
1520531145851485040
1520531145901487040
1520531145951488040
1520531146001490040
1520531146051491040
1520531146101493040
1520531146151506812
1520531146201508812
1520531146251510812
1520531146301511812
1520531146351513812
1520531146401515812
1520531146451516812
1520531146501518812
1520531146551519812
1520531146601210023
1520531146651212023
1520531146701214023
1520531146751215023
1520531146801216023
1520531146851217023
1520531146901223023
1520531146951220023
1520531147001479917
1520531147051481917
1520531147101541917
1520531147151484917
1520531147201485917
1520531147251487917
1520531147301488917
1520531147351490917
1520531147401421689
1520531147451422689
1520531147501424689
1520531147551425689
1520531147601427689
1520531147651428689
1520531147701430689
1520531147751431689
1520531147801161759
1520531147851163759
1520531147901164759
1520531147951166759
1520531148001167759
1520531148051169759
1520531148101171759
1520531148151172759
1520531148201334759
1520531148251335759
1520531148301337759
1520531148351338759
1520531148401340759
1520531148451342759
1520531148501343759
1520531148551345759
1520531148601418970
1520531148651420970
1520531148701421970
1520531148751423970
1520531148801424970
1520531148851426970
1520531148901427970
1520531148951429970
1520531149001431970
1520531149051480268
1520531149101482268
1520531149151483268
1520531149201485268
1520531149251486268
1520531149301488268
1520531149351489268
1520531149401491268
1520531149451334531
1520531149501335531
1520531149551337531
1520531149601338531
1520531149651340531
1520531149701341531
1520531149751343531
1520531149801345531
1520531149851480023
1520531149901481023
1520531149951483023
1520531150001484023
1520531150051486023
1520531150101487023
1520531150151488023
1520531150201490023
1520531150251490479
1520531150301491479
1520531150351552479
1520531150401494479
1520531150451496479
1520531150501497479
1520531150551499479
1520531150601501479
1520531150651687251
1520531150701689251
1520531150751690251
1520531150801692251
1520531150851693251
1520531150901695251
1520531150951696251
1520531151001698251
1520531151051700251
1520531151101639005
1520531151151641005
1520531151201642005
1520531151251644005
1520531151301646005
1520531151351648005
1520531151401649005
1520531151451650005
1520531151502269338
1520531151552271338
1520531151602272338
1520531151652274338
1520531151702275338
1520531151752277338
1520531151802278338
1520531151852280338
1520531151902294479
1520531151952295479
1520531152002296479
1520531152052298479
1520531152102299479
1520531152152301479
1520531152202303479
1520531152252304479
1520531152302317075
1520531152352318075
1520531152402320075
1520531152452321075
1520531152502323075
1520531152552324075
1520531152602326075
1520531152652328075
1520531152702371531
1520531152752373531
1520531152802374531
1520531152852376531
1520531152902378531
1520531152952379531
1520531153002381531
1520531153052383531
1520531153102354216
1520531153152355216
1520531153202357216
1520531153252359216
1520531153302361216
1520531153352362216
1520531153402364216
1520531153452365216
1520531153502367216
1520531153552256145
1520531153602322145
1520531153652259145
1520531153702260145
1520531153752262145
1520531153802264145
1520531153852265145
1520531153902267145
1520531153951961409
1520531154001963409
1520531154051964409
1520531154101966409
1520531154151968409
1520531154201969409
1520531154251971409
1520531154301972409
1520531154351633847
1520531154401634847
1520531154451636847
1520531154501637847
1520531154551640847
1520531154601641847
1520531154651642847
1520531154701644847
1520531154751375198
1520531154801376198
1520531154851378198
1520531154901380198
1520531154951381198
1520531155001382198
1520531155051384198
1520531155101386198
1520531155151242847
1520531155201243847
1520531155251245847
1520531155301246847
1520531155351248847
1520531155401250847
1520531155451251847
1520531155501253847
1520531155551254847
1520531155601190251
1520531155651191251
1520531155701193251
1520531155751194251
1520531155801196251
1520531155851198251
1520531155901199251
1520531155951201251
1520531156001304286
1520531156051306286
1520531156101307286
1520531156151309286
1520531156201311286
1520531156251312286
1520531156301314286
1520531156351316286
1520531156401416233
1520531156451417233
1520531156501419233
1520531156551421233
1520531156601422233
1520531156651424233
1520531156701425233
1520531156751427233
1520531156802070970
1520531156852142970
1520531156902073970
1520531156952075970
1520531157002077970
1520531157052078970
1520531157102080970
1520531157152081970
1520531157203214567
1520531157253215567
1520531157303217567
1520531157353219567
1520531157403220567
1520531157453222567
1520531157503223567
1520531157553225567
1520531157603183759
1520531157653185759
1520531157703186759
1520531157753188759
1520531157803190759
1520531157853191759
1520531157903194759
1520531157953195759
1520531158003197759
1520531158053385707
1520531158103387707
1520531158153387707
1520531158203389707
1520531158253391707
1520531158303392707
1520531158353394707
1520531158403395707
1520531158453276865
1520531158503278865
1520531158553279865
1520531158603281865
1520531158653282865
1520531158703284865
1520531158753285865
1520531158803287865
1520531158852305917
1520531158902307917
1520531158952309917
1520531159002310917
1520531159052312917
1520531159102313917
1520531159152315917
1520531159202316917
1520531159251567970
1520531159301568970
1520531159351570970
1520531159401572970
1520531159451574970
1520531159501575970
1520531159551577970
1520531159601578970
1520531159651362865
1520531159701363865
1520531159751364865
1520531159801366865
1520531159851368865
1520531159901369865
1520531159951371865
1520531160001374865
1520531160051296900
1520531160101375900
1520531160151299900
1520531160201301900
1520531160251302900
1520531160301304900
1520531160351305900
1520531160401307900
1520531160451308900
1520531160501229496
1520531160551230496
1520531160601232496
1520531160651234496
1520531160701235496
1520531160751237496
1520531160801238496
1520531160851240496
1520531160901232444
1520531160951234444
1520531161001236444
1520531161051238444
1520531161101239444
1520531161151241444
1520531161201242444
1520531161251244444
1520531161301720409
1520531161351721409
1520531161401722409
1520531161451724409
1520531161501725409
1520531161551727409
1520531161601729409
1520531161651730409
1520531161702839233
1520531161752835233
1520531161802837233
1520531161852838233
1520531161902840233
1520531161952841233
1520531162002843233
1520531162052844233
1520531162102710795
1520531162152712795
1520531162202713795
1520531162252715795
1520531162302716795
1520531162352718795
1520531162402719795
1520531162452721795
1520531162502723795
1520531162552695952
1520531162602697952
1520531162652698952
1520531162702700952
1520531162752702952
1520531162802703952
1520531162852705952
1520531162902707952
1520531162952675128
1520531163002676128
1520531163052678128
1520531163102679128
1520531163152681128
1520531163202683128
1520531163252684128
1520531163302685128
1520531163352498426
1520531163402412426
1520531163452413426
1520531163502415426
1520531163552416426
1520531163602418426
1520531163652419426
1520531163702421426
1520531163751919058
1520531163801921058
1520531163851923058
1520531163901924058
1520531163951926058
1520531164001927058
1520531164051929058
1520531164101930058
1520531164151585461
1520531164201587461
1520531164251588461
1520531164301590461
1520531164351592461
1520531164401593461
1520531164451594461
1520531164501596461
1520531164551447514
1520531164601448514
1520531164651450514
1520531164701451514
1520531164751453514
1520531164801454514
1520531164851456514
1520531164901458514
1520531164951475514
1520531165001582426
1520531165051583426
1520531165101585426
1520531165151586426
1520531165201588426
1520531165251589426
1520531165301591426
1520531165351592426
1520531165401756531
1520531165451758531
1520531165501759531
1520531165551761531
1520531165601763531
1520531165651764531
1520531165701765531
1520531165751767531
1520531165802208900
1520531165852209900
1520531165902211900
1520531165952212900
1520531166002214900
1520531166052216900
1520531166102217900
1520531166152219900
1520531166202873549
1520531166252874549
1520531166302875549
1520531166352877549
1520531166402883549
1520531166452880549
1520531166502882549
1520531166552883549
1520531166603245391
1520531166653147391
1520531166703149391
1520531166753150391
1520531166803152391
1520531166853153391
1520531166903155391
1520531166953156391
1520531167003158391
1520531167053241303
1520531167103242303
1520531167153244303
1520531167203245303
1520531167253247303
1520531167303248303
1520531167353250303
1520531167403252303
1520531167452927198
1520531167502929198
1520531167552931198
1520531167602932198
1520531167652934198
1520531167702936198
1520531167752937198
1520531167802938198
1520531167852509672
1520531167902510672
1520531167952512672
1520531168002514672
1520531168052515672
1520531168102516672
1520531168152518672
1520531168202549672
1520531168252127216
1520531168302129216
1520531168352130216
1520531168402132216
1520531168452133216
1520531168502135216
1520531168552136216
1520531168602138216
1520531168651887374
1520531168701888374
1520531168751890374
1520531168801891374
1520531168851893374
1520531168901894374
1520531168951896374
1520531169001898374
1520531169051779023
1520531169101781023
1520531169151783023
1520531169201784023
1520531169251786023
1520531169301787023
1520531169351789023
1520531169401790023
1520531169451792023
1520531169501828181
1520531169551830181
1520531169601832181
1520531169651833181
1520531169701835181
1520531169751836181
1520531169801838181
1520531169851839181
1520531169902332198
1520531169952333198
1520531170002335198
1520531170052336198
1520531170102338198
1520531170152340198
1520531170202341198
1520531170252343198
1520531170302978303
1520531170352980303
1520531170402981303
1520531170452983303
1520531170502984303
1520531170552986303
1520531170602988303
1520531170652989303
1520531170703176567
1520531170753178567
1520531170803179567
1520531170853181567
1520531170903183567
1520531170953184567
1520531171003186567
1520531171053187567
1520531171103316865
1520531171153317865
1520531171203318865
1520531171253320865
1520531171303322865
1520531171353323865
1520531171403325865
1520531171453369865
1520531171503328865
1520531171553101724
1520531171603103724
1520531171653104724
1520531171703106724
1520531171753107724
1520531171803109724
1520531171853111724
1520531171903112724
1520531171952764338
1520531172002765338
1520531172052767338
1520531172102768338
1520531172152770338
1520531172202772338
1520531172252773338
1520531172302775338
1520531172352363584
1520531172402364584
1520531172452366584
1520531172502367584
1520531172552369584
1520531172602371584
1520531172652372584
1520531172702374584
1520531172752055426
1520531172802054426
1520531172852055426
1520531172902057426
1520531172952058426
1520531173002060426
1520531173052065426
1520531173102063426
1520531173151913268
1520531173201915268
1520531173251916268
1520531173301918268
1520531173351919268
1520531173401921268
1520531173451923268
1520531173501924268
1520531173552332865
1520531173602333865
1520531173652335865
1520531173702336865
1520531173752338865
1520531173802340865
1520531173852341865
1520531173902343865
1520531173952344865
1520531174003142724
1520531174053144724
1520531174103146724
1520531174153147724
1520531174203148724
1520531174253151724
1520531174303151724
1520531174353153724
1520531174403336847
1520531174453337847
1520531174503338847
1520531174553340847
1520531174603342847
1520531174653343847
1520531174703401847
1520531174753346847
1520531174803440075
1520531174853441075
1520531174903443075
1520531174953444075
1520531175003446075
1520531175053448075
1520531175103449075
1520531175153451075
1520531175203548917
1520531175253550917
1520531175303551917
1520531175353553917
1520531175403555917
1520531175453556917
1520531175503558917
1520531175553559917
1520531175603102268
1520531175653104268
1520531175703105268
1520531175753107268
1520531175803109268
1520531175853110268
1520531175903112268
1520531175953113268
1520531176002454567
1520531176052455567
1520531176102457567
1520531176152458567
1520531176202460567
1520531176252461567
1520531176302463567
1520531176352464567
1520531176402466567
1520531176452006093
1520531176502008093
1520531176552009093
1520531176602011093
1520531176652013093
1520531176702014093
1520531176752016093
1520531176802017093
1520531176851907865
1520531176901908865
1520531176951910865
1520531177001912865
1520531177051913865
1520531177101915865
1520531177151916865
1520531177201918865
1520531177252088005
1520531177302091005
1520531177352092005
1520531177402093005
1520531177452095005
1520531177502097005
1520531177552098005
1520531177602100005
1520531177653074409
1520531177703076409
1520531177753077409
1520531177803079409
1520531177853080409
1520531177903082409
1520531177953156409
1520531178003085409
1520531178053924724
1520531178103926724
1520531178153927724
1520531178203929724
1520531178253931724
1520531178303932724
1520531178353934724
1520531178403935724
1520531178453937724
1520531178504021672
1520531178554023672
1520531178604025672
1520531178654026672
1520531178704028672
1520531178754030672
1520531178804031672
1520531178854032672
1520531178903315514
1520531178953317514
1520531179003318514
1520531179053320514
1520531179103322514
1520531179153323514
1520531179203325514
1520531179253326514
1520531179302298672
1520531179352301672
1520531179402302672
1520531179452303672
1520531179502305672
1520531179552310672
1520531179602308672
1520531179652309672
1520531179701968514
1520531179751969514
1520531179801971514
1520531179851973514
1520531179901974514
1520531179951976514
1520531180001977514
1520531180051979514
1520531180101858409
1520531180151860409
1520531180201862409
1520531180251863409
1520531180301865409
1520531180351866409
1520531180401868409
1520531180451869409
1520531180501825303
1520531180551827303
1520531180601828303
1520531180651830303
1520531180701832303
1520531180751833303
1520531180801834303
1520531180851836303
1520531180901837303
1520531180952133759
1520531181002135759
1520531181052136759
1520531181102138759
1520531181152139759
1520531181202231759
1520531181252142759
1520531181302144759
1520531181353552567
1520531181403554567
1520531181453556567
1520531181503557567
1520531181553559567
1520531181603560567
1520531181653562567
1520531181703563567
1520531181753358409
1520531181803360409
1520531181853361409
1520531181903363409
1520531181953364409
1520531182003366409
1520531182053367409
1520531182103369409
1520531182153224181
1520531182203226181
1520531182253227181
1520531182303229181
1520531182353231181
1520531182403232181
1520531182453233181
1520531182503235181
1520531182553419689
1520531182603421689
1520531182653422689
1520531182703424689
1520531182753426689
1520531182803447689
1520531182853428689
1520531182903430689
1520531182953431689
1520531183003623724
1520531183053625724
1520531183103626724
1520531183153628724
1520531183203629724
1520531183253631724
1520531183303632724
1520531183353634724
1520531183403610830
1520531183453611830
1520531183503613830
1520531183553615830
1520531183603616830
1520531183653617830
1520531183703619830
1520531183753621830
1520531183802688040
1520531183852689040
1520531183902691040
1520531183952692040
1520531184002694040
1520531184052695040
1520531184102697040
1520531184152698040
1520531184202466707
1520531184252467707
1520531184302469707
1520531184352471707
1520531184402472707
1520531184452474707
1520531184502475707
1520531184552477707
1520531184602585444
1520531184652587444
1520531184702588444
1520531184752590444
1520531184802591444
1520531184852593444
1520531184902594444
1520531184952596444
1520531185002623426
1520531185052624426
1520531185102626426
1520531185152627426
1520531185202629426
1520531185252630426
1520531185302632426
1520531185352633426
1520531185402635426
1520531185453006338
1520531185503008338
1520531185553009338
1520531185603011338
1520531185653013338
1520531185703013338
1520531185753015338
1520531185803017338
1520531185853687058
1520531185903688058
1520531185953690058
1520531186003691058
1520531186053730058
1520531186103694058
1520531186153696058
1520531186203697058
1520531186253791479
1520531186303792479
1520531186353794479
1520531186403795479
1520531186453797479
1520531186503798479
1520531186553800479
1520531186603802479
1520531186653456602
1520531186703458602
1520531186753459602
1520531186803461602
1520531186853462602
1520531186903464602
1520531186953466602
1520531187003467602
1520531187052839303
1520531187102840303
1520531187152841303
1520531187202843303
1520531187252844303
1520531187302846303
1520531187352848303
1520531187402849303
1520531187452529321
1520531187502531321
1520531187552534321
1520531187602534321
1520531187652535321
1520531187702537321
1520531187752539321
1520531187802540321
1520531187852542321
1520531187902547952
1520531187952549952
1520531188002550952
1520531188052552952
1520531188102553952
1520531188152555952
1520531188202557952
1520531188252558952
1520531188302958496
1520531188352959496
1520531188402961496
1520531188452962496
1520531188502964496
1520531188552965496
1520531188602967496
1520531188652970496
1520531188703531356
1520531188753532356
1520531188803534356
1520531188853535356
1520531188903537356
1520531188953538356
1520531189003540356
1520531189053542356
1520531189103771145
1520531189153772145
1520531189203774145
1520531189253776145
1520531189303833145
1520531189353779145
1520531189403780145
1520531189453782145
1520531189503722865
1520531189553724865
1520531189603725865
1520531189653727865
1520531189703728865
1520531189753730865
1520531189803732865
1520531189853733865
1520531189904762321
1520531189953370970
1520531190003372970
1520531190053373970
1520531190103375970
1520531190153377970
1520531190203378970
1520531190253380970
1520531190303382970
1520531190353036461
1520531190403037461
1520531190453039461
1520531190503041461
1520531190553042461
1520531190603044461
1520531190653045461
1520531190703047461
1520531190752805742
1520531190802806742
1520531190852807742
1520531190902809742
1520531190952811742
1520531191002812742
1520531191052814742
1520531191102815742
1520531191152816759
1520531191202817759
1520531191252819759
1520531191302820759
1520531191352822759
1520531191402824759
1520531191452825759
1520531191502827759
1520531191553419145
1520531191603421145
1520531191653422145
1520531191703424145
1520531191753426145
1520531191803427145
1520531191853429145
1520531191903431145
1520531191953322952
1520531192003323952
1520531192053326952
1520531192103327952
1520531192153328952
1520531192203330952
1520531192253335952
1520531192303333952
1520531192353338952
1520531192403732672
1520531192453734672
1520531192503735672
1520531192553806672
1520531192603738672
1520531192653740672
1520531192703741672
1520531192753743672
1520531192804111900
1520531192854113900
1520531192904114900
1520531192954116900
1520531193004118900
1520531193054119900
1520531193104121900
1520531193154122900
1520531193203478444
1520531193253480444
1520531193303481444
1520531193353483444
1520531193403484444
1520531193453486444
1520531193503488444
1520531193553489444
1520531193603282374
1520531193653284374
1520531193703286374
1520531193753287374
1520531193803289374
1520531193853290374
1520531193903292374
1520531193953294374
1520531194003453058
1520531194053454058
1520531194103456058
1520531194153458058
1520531194203459058
1520531194253461058
1520531194303462058
1520531194353464058
1520531194403342742
1520531194453344742
1520531194503345742
1520531194553347742
1520531194603349742
1520531194653350742
1520531194703352742
1520531194753353742
1520531194803355742
1520531194853055847
1520531194903056847
1520531194953058847
1520531195003060847
1520531195053061847
1520531195103062847
1520531195153064847
1520531195203066847
1520531195253361812
1520531195303363812
1520531195353364812
1520531195403366812
1520531195453367812
1520531195503369812
1520531195553371812
1520531195603372812
1520531195654121338
1520531195704125338
1520531195754124338
1520531195804212338
1520531195854127338
1520531195904128338
1520531195954130338
1520531196004131338
1520531196054210110
1520531196104211110
1520531196154213110
1520531196204215110
1520531196254216110
1520531196304218110
1520531196354219110
1520531196404221110
1520531196453988847
1520531196503990847
1520531196553991847
1520531196603993847
1520531196653995847
1520531196703996847
1520531196753999847
1520531196804000847
1520531196854641847
1520531196903185040
1520531196953187040
1520531197003188040
1520531197053189040
1520531197103191040
1520531197153193040
1520531197203194040
1520531197253196040
1520531197302765321
1520531197352766321
1520531197402784321
1520531197452770321
1520531197502771321
1520531197552773321
1520531197602774321
1520531197652776321
1520531197702646374
1520531197752648374
1520531197802650374
1520531197852651374
1520531197902653374
1520531197952654374
1520531198002656374
1520531198052657374
1520531198102846251
1520531198152847251
1520531198202849251
1520531198252851251
1520531198302852251
1520531198352854251
1520531198402856251
1520531198452857251
1520531198503248233
1520531198553250233
1520531198603251233
1520531198653253233
1520531198703254233
1520531198753256233
1520531198803257233
1520531198853259233
1520531198903638479
1520531198953640479
1520531199003641479
1520531199053744479
1520531199103644479
1520531199153646479
1520531199203647479
1520531199253649479
1520531199303650479
1520531199354145110
1520531199404147110
1520531199454148110
1520531199504150110
1520531199554151110
1520531199604153110
1520531199654154110
1520531199704156110
1520531199754276900
1520531199804278900
1520531199854280900
1520531199904281900
1520531199954283900
1520531200004285900
1520531200054286900
1520531200104288900
1520531200153770970
1520531200203771970
1520531200253773970
1520531200303774970
1520531200353776970
1520531200403777970
1520531200453778970
1520531200503784970
1520531200553074110
1520531200603076110
1520531200653110110
1520531200703079110
1520531200753081110
1520531200803082110
1520531200853084110
1520531200903085110
1520531200952959531
1520531201002961531
1520531201052962531
1520531201102964531
1520531201152965531
1520531201202967531
1520531201252968531
1520531201302970531
1520531201353010549
1520531201403012549
1520531201453014549
1520531201503015549
1520531201553017549
1520531201603019549
1520531201653020549
1520531201703022549
1520531201753024549
1520531201802871093
1520531201852872093
1520531201902874093
1520531201952875093
1520531202002877093
1520531202052879093
1520531202102880093
1520531202152882093
1520531202203040286
1520531202253043286
1520531202303043286
1520531202353045286
1520531202403046286
1520531202453048286
1520531202503049286
1520531202553051286
1520531202603845777
1520531202653846777
1520531202703848777
1520531202753849777
1520531202803851777
1520531202853852777
1520531202903854777
1520531202953855777
1520531203004130900
1520531203054132900
1520531203104133900
1520531203154135900
1520531203204136900
1520531203254138900
1520531203304140900
1520531203354141900
1520531203404194145
1520531203454195145
1520531203504197145
1520531203554198145
1520531203604200145
1520531203654201145
1520531203704203145
1520531203754204145
1520531203803966356
1520531203853968356
1520531203904020356
1520531203953971356
1520531204003972356
1520531204053974356
1520531204103975356
1520531204153977356
1520531204203979356
1520531204253604356
1520531204303606356
1520531204353607356
1520531204403609356
1520531204453610356
1520531204503612356
1520531204553613356
1520531204603615356
1520531204653073356
1520531204703074356
1520531204753076356
1520531204803077356
1520531204853079356
1520531204903080356
1520531204953083356
1520531205003084356
1520531205052828181
1520531205102829181
1520531205152830181
1520531205202832181
1520531205252833181
1520531205302835181
1520531205352836181
1520531205402838181
1520531205452889093
1520531205502890093
1520531205552892093
1520531205602893093
1520531205652895093
1520531205702896093
1520531205752898093
1520531205802900093
1520531205853668602
1520531205903670602
1520531205953671602
1520531206003673602
1520531206053674602
1520531206103676602
1520531206153677602
1520531206203679602
1520531206253681602
1520531206304619654
1520531206354621654
1520531206404622654
1520531206454624654
1520531206504626654
1520531206554627654
1520531206604629654
1520531206654631654
1520531206704456163
1520531206754458163
1520531206804459163
1520531206854460163
1520531206904463163
1520531206954464163
1520531207004465163
1520531207054467163
1520531207104129637
1520531207154201637
1520531207204132637
1520531207254134637
1520531207304135637
1520531207354137637
1520531207404139637
1520531207454140637
1520531207503877374
1520531207553878374
1520531207603880374
1520531207653881374
1520531207703883374
1520531207753884374
1520531207803886374
1520531207853888374
1520531207903365584
1520531207953367584
1520531208003368584
1520531208053370584
1520531208103372584
1520531208153373584
1520531208203375584
1520531208253377584
1520531208303635426
1520531208353637426
1520531208403638426
1520531208453640426
1520531208503641426
1520531208553642426
1520531208603644426
1520531208653646426
1520531208703647426
1520531208753920444
1520531208803917444
1520531208853919444
1520531208903920444
1520531208953922444
1520531209003924444
1520531209053925444
1520531209103927444
1520531209153901707
1520531209203903707
1520531209253904707
1520531209303906707
1520531209353907707
1520531209403909707
1520531209453911707
1520531209503912707
1520531209553701724
1520531209603702724
1520531209653704724
1520531209703705724
1520531209753707724
1520531209803709724
1520531209853711724
1520531209903712724
1520531209953801321
1520531210003802321
1520531210053804321
1520531210103805321
1520531210153806321
1520531210203813321
1520531210253810321
1520531210303811321
1520531210354328338
1520531210404421338
1520531210454331338
1520531210504332338
1520531210554334338
1520531210604336338
1520531210654337338
1520531210704339338
1520531210754340338
1520531210804309005
1520531210854310005
1520531210904312005
1520531210954313005
1520531211004315005
1520531211054317005
1520531211104318005
1520531211154320005
1520531211203183759
1520531211253184759
1520531211303185759
1520531211353188759
1520531211403189759
1520531211453191759
1520531211503192759
1520531211553194759
1520531211602862075
1520531211652864075
1520531211702865075
1520531211752866075
1520531211802868075
1520531211852870075
1520531211902871075
1520531211952873075
1520531212002889461
1520531212052866461
1520531212102867461
1520531212152869461
1520531212202871461
1520531212252872461
1520531212302874461
1520531212352875461
1520531212403034093
1520531212453035093
1520531212503037093
1520531212553038093
1520531212603040093
1520531212653042093
1520531212703043093
1520531212753045093
1520531212803319005
1520531212853321005
1520531212903322005
1520531212953324005
1520531213003326005
1520531213053327005
1520531213103329005
1520531213153331005
1520531213203332005
1520531213253836461
1520531213303837461
1520531213353838461
1520531213403840461
1520531213453842461
1520531213503843461
1520531213553845461
1520531213603846461
1520531213654074566
1520531213704075566
1520531213754077566
1520531213804079566
1520531213854080566
1520531213904082566
1520531213954083566
1520531214004085566
1520531214053904812
1520531214103906812
1520531214153907812
1520531214203909812
1520531214253911812
1520531214303912812
1520531214353914812
1520531214403916812
1520531214453810514
1520531214503811514
1520531214553813514
1520531214603815514
1520531214653816514
1520531214703818514
1520531214753820514
1520531214803821514
1520531214853906882
1520531214903907882
1520531214953909882
1520531215003911882
1520531215053912882
1520531215103913882
1520531215153915882
1520531215203916882
1520531215253884952
1520531215303839952
1520531215353841952
1520531215403843952
1520531215453844952
1520531215503846952
1520531215553847952
1520531215603849952
1520531215653850952
1520531215704243128
1520531215754244128
1520531215804246128
1520531215854248128
1520531215904250128
1520531215954251128
1520531216004252128
1520531216054254128
1520531216104900040
1520531216154902040
1520531216204904040
1520531216254905040
1520531216304907040
1520531216354909040
1520531216404910040
1520531216454912040
1520531216503400058
1520531216553402058
1520531216603403058
1520531216653405058
1520531216703406058
1520531216753408058
1520531216803410058
1520531216853411058
1520531216903540900
1520531216953542900
1520531217003544900
1520531217053545900
1520531217103547900
1520531217153548900
1520531217203550900
1520531217253551900
1520531217304524496
1520531217354526496
1520531217404527496
1520531217454529496
1520531217504530496
1520531217554532496
1520531217604533496
1520531217654535496
1520531217704537496
1520531217753971128
1520531217803973128
1520531217853975128
1520531217903976128
1520531217953978128
1520531218003979128
1520531218053980128
1520531218103982128
1520531218153358093
1520531218203359093
1520531218253361093
1520531218303363093
1520531218353364093
1520531218403365093
1520531218453367093
1520531218503436093
1520531218553868830
1520531218603870830
1520531218653871830
1520531218703873830
1520531218753874830
1520531218803876830
1520531218853877830
1520531218903879830
1520531218954398742
1520531219004399742
1520531219054401742
1520531219104402742
1520531219154404742
1520531219204406742
1520531219254407742
1520531219304408742
1520531219353544005
1520531219403546005
1520531219453548005
1520531219503549005
1520531219553551005
1520531219603552005
1520531219653554005
1520531219703556005
1520531219753152023
1520531219803154023
1520531219853155023
1520531219903157023
1520531219953158023
1520531220003160023
1520531220053161023
1520531220103162023
1520531220153164023
1520531220203825110
1520531220253826110
1520531220303828110
1520531220353829110
1520531220403831110
1520531220453832110
1520531220503834110
1520531220553835110
1520531220604364759
1520531220654366759
1520531220704367759
1520531220754369759
1520531220804371759
1520531220854372759
1520531220904373759
1520531220954375759
1520531221003734812
1520531221053735812
1520531221103737812
1520531221153739812
1520531221203740812
1520531221253742812
1520531221303743812
1520531221353744812
1520531221403623251
1520531221453624251
1520531221503625251
1520531221553627251
1520531221603628251
1520531221653635251
1520531221703631251
1520531221753715251
1520531221804979742
1520531221854980742
1520531221904982742
1520531221954983742
1520531222004985742
1520531222054986742
1520531222104988742
1520531222154990742
1520531222204991742
1520531222254337882
1520531222304338882
1520531222354340882
1520531222404341882
1520531222454343882
1520531222504344882
1520531222554346882
1520531222604348882
1520531222653336479
1520531222703338479
1520531222753340479
1520531222803341479
1520531222853343479
1520531222903345479
1520531222953346479
1520531223003348479
1520531223053583795
1520531223103584795
1520531223153586795
1520531223203587795
1520531223253589795
1520531223303590795
1520531223353606795
1520531223403594795
1520531223454573479
1520531223504575479
1520531223554576479
1520531223604578479
1520531223654579479
1520531223704581479
1520531223754582479
1520531223804584479
1520531223853713567
1520531223903714567
1520531223953716567
1520531224003718567
1520531224053719567
1520531224103720567
1520531224153722567
1520531224203724567
1520531224253309637
1520531224303311637
1520531224353313637
1520531224403314637
1520531224453316637
1520531224503318637
1520531224553319637
1520531224603320637
1520531224653322637
1520531224703506935
1520531224753508935
1520531224803510935
1520531224853511935
1520531224903513935
1520531224953514935
1520531225003613935
1520531225053517935
1520531225103554391
1520531225153555391
1520531225203557391
1520531225253558391
1520531225303560391
1520531225353562391
1520531225403563391
1520531225453565391
1520531225503548216
1520531225553550216
1520531225603551216
1520531225653553216
1520531225703555216
1520531225753556216
1520531225803558216
1520531225853559216
1520531225903629917
1520531225953631917
1520531226003632917
1520531226053634917
1520531226103636917
1520531226153637917
1520531226203639917
1520531226253640917
1520531226303299602
1520531226353305602
1520531226403302602
1520531226453304602
1520531226503305602
1520531226553307602
1520531226603337602
1520531226653310602
1520531226703312602
1520531226753288830
1520531226803290830
1520531226853291830
1520531226903293830
1520531226953295830
1520531227003296830
1520531227053298830
1520531227103299830
1520531227155027795
1520531227205028795
1520531227255030795
1520531227305031795
1520531227355033795
1520531227405035795
1520531227455036795
1520531227505038795
1520531227554116093
1520531227604117093
1520531227654119093
1520531227704121093
1520531227754122093
1520531227804123093
1520531227854125093
1520531227904127093
1520531227953307251
1520531228003309251
1520531228053310251
1520531228103311251
1520531228153313251
1520531228203316251
1520531228253316251
1520531228303318251
1520531228354420303
1520531228404422303
1520531228454423303
1520531228504425303
1520531228554426303
1520531228604428303
1520531228654430303
1520531228704431303
1520531228754380812
1520531228804381812
1520531228854383812
1520531228904384812
1520531228954386812
1520531229004388812
1520531229054389812
1520531229104391812
1520531229154393812
1520531229203759584
1520531229253760584
1520531229303763584
1520531229353763584
1520531229403766584
1520531229453767584
1520531229503768584
1520531229553770584
1520531229603841058
1520531229653843058
1520531229703844058
1520531229753846058
1520531229803848058
1520531229853896058
1520531229903851058
1520531229953852058
1520531230003777917
1520531230053778917
1520531230103780917
1520531230153781917
1520531230203783917
1520531230253785917
1520531230303786917
1520531230353788917
1520531230403975742
1520531230453977742
1520531230503978742
1520531230553980742
1520531230603982742
1520531230653983742
1520531230703985742
1520531230753986742
1520531230804203356
1520531230854204356
1520531230904205356
1520531230954207356
1520531231004208356
1520531231054210356
1520531231104211356
1520531231154213356
1520531231205739496
1520531231255740496
1520531231305742496
1520531231355743496
1520531231405745496
1520531231455746496
1520531231505748496
1520531231555749496
1520531231605751496
1520531231656088707
1520531231706090707
1520531231756091707
1520531231806093707
1520531231856095707
1520531231906096707
1520531231956098707
1520531232006099707
1520531232054406409
1520531232104407409
1520531232154409409
1520531232204411409
1520531232254412409
1520531232304414409
1520531232354415409
1520531232404417409
1520531232454252812
1520531232504253812
1520531232554255812
1520531232604256812
1520531232654259812
1520531232704260812
1520531232754261812
1520531232804265812
1520531232853925163
1520531232903928163
1520531232953928163
1520531233003930163
1520531233053931163
1520531233103999163
1520531233153934163
1520531233203936163
1520531233253610637
1520531233303612637
1520531233353613637
1520531233403615637
1520531233453617637
1520531233503618637
1520531233553620637
1520531233603621637
1520531233653623637
1520531233703610110
1520531233753612110
1520531233803614110
1520531233853615110
1520531233903617110
1520531233953618110
1520531234003620110
1520531234053622110
1520531234103934216
1520531234153935216
1520531234203936216
1520531234253938216
1520531234303940216
1520531234353941216
1520531234403943216
1520531234453944216
1520531234504195602
1520531234554197602
1520531234604199602
1520531234654200602
1520531234704202602
1520531234754203602
1520531234804205602
1520531234854206602
1520531234904219689
1520531234954220689
1520531235004222689
1520531235054224689
1520531235104225689
1520531235154227689
1520531235204228689
1520531235254230689
1520531235304111338
1520531235354113338
1520531235404115338
1520531235454116338
1520531235504118338
