1403715886584058112
1403715886634057984
1403715886684058112
1403715886734057984
1403715886784058112
1403715886834057984
1403715886884058112
1403715886934057984
1403715886984058112
1403715887034057984
1403715887084058112
1403715887134057984
1403715887184058112
1403715887234057984
1403715887284058112
1403715887334057984
1403715887384058112
1403715887434057984
1403715887484058112
1403715887534057984
1403715887584058112
1403715887634057984
1403715887684058112
1403715887734057984
1403715887784058112
1403715887834057984
1403715887884058112
1403715887934057984
1403715887984058112
1403715888034057984
1403715888084058112
1403715888134057984
1403715888184058112
1403715888234057984
1403715888284058112
1403715888334057984
1403715888384058112
1403715888434057984
1403715888484058112
1403715888534057984
1403715888584058112
1403715888634057984
1403715888684058112
1403715888734057984
1403715888784058112
1403715888834057984
1403715888884058112
1403715888934057984
1403715888984058112
1403715889034057984
1403715889084058112
1403715889134057984
1403715889184058112
1403715889234057984
1403715889284058112
1403715889334057984
1403715889384058112
1403715889434057984
1403715889484058112
1403715889534057984
1403715889584058112
1403715889634057984
1403715889684058112
1403715889734057984
1403715889784058112
1403715889834057984
1403715889884058112
1403715889934057984
1403715889984058112
1403715890034057984
1403715890084058112
1403715890134057984
1403715890184058112
1403715890234057984
1403715890284058112
1403715890334057984
1403715890384058112
1403715890434057984
1403715890484058112
1403715890534057984
1403715890584058112
1403715890634057984
1403715890684058112
1403715890734057984
1403715890784058112
1403715890834057984
1403715890884058112
1403715890934057984
1403715890984058112
1403715891034057984
1403715891084058112
1403715891134057984
1403715891184058112
1403715891234057984
1403715891284058112
1403715891334057984
1403715891384058112
1403715891434057984
1403715891484058112
1403715891534057984
1403715891584058112
1403715891634057984
1403715891684058112
1403715891734057984
1403715891784058112
1403715891834057984
1403715891884058112
1403715891934057984
1403715891984058112
1403715892034057984
1403715892084058112
1403715892134057984
1403715892184058112
1403715892234057984
1403715892284058112
1403715892334057984
1403715892384058112
1403715892434057984
1403715892484058112
1403715892534057984
1403715892584058112
1403715892634057984
1403715892684058112
1403715892734057984
1403715892784058112
1403715892834057984
1403715892884058112
1403715892934057984
1403715892984058112
1403715893034057984
1403715893084058112
1403715893134057984
1403715893184058112
1403715893234057984
1403715893284058112
1403715893334057984
1403715893384058112
1403715893434057984
1403715893484058112
1403715893534057984
1403715893584058112
1403715893634057984
1403715893684058112
1403715893734057984
1403715893784058112
1403715893834057984
1403715893884058112
1403715893934057984
1403715893984058112
1403715894034057984
1403715894084058112
1403715894134057984
1403715894184058112
1403715894234057984
1403715894284058112
1403715894334057984
1403715894384058112
1403715894434057984
1403715894484058112
1403715894534057984
1403715894584058112
1403715894634057984
1403715894684058112
1403715894734057984
1403715894784058112
1403715894834057984
1403715894884058112
1403715894934057984
1403715894984058112
1403715895034057984
1403715895084058112
1403715895134057984
1403715895184058112
1403715895234057984
1403715895284058112
1403715895334057984
1403715895384058112
1403715895434057984
1403715895484058112
1403715895534057984
1403715895584058112
1403715895634057984
1403715895684058112
1403715895734057984
1403715895784058112
1403715895834057984
1403715895884058112
1403715895934057984
1403715895984058112
1403715896034057984
1403715896084058112
1403715896134057984
1403715896184058112
1403715896234057984
1403715896284058112
1403715896334057984
1403715896384058112
1403715896434057984
1403715896484058112
1403715896534057984
1403715896584058112
1403715896634057984
1403715896684058112
1403715896734057984
1403715896784058112
1403715896834057984
1403715896884058112
1403715896934057984
1403715896984058112
1403715897034057984
1403715897084058112
1403715897134057984
1403715897184058112
1403715897234057984
1403715897284058112
1403715897334057984
1403715897384058112
1403715897434057984
1403715897484058112
1403715897534057984
1403715897584058112
1403715897634057984
1403715897684058112
1403715897734057984
1403715897784058112
1403715897834057984
1403715897884058112
1403715897934057984
1403715897984058112
1403715898034057984
1403715898084058112
1403715898134057984
1403715898184058112
1403715898234057984
1403715898284058112
1403715898334057984
1403715898384058112
1403715898434057984
1403715898484058112
1403715898534057984
1403715898584058112
1403715898634057984
1403715898684058112
1403715898734057984
1403715898784058112
1403715898834057984
1403715898884058112
1403715898934057984
1403715898984058112
1403715899034057984
1403715899084058112
1403715899134057984
1403715899184058112
1403715899234057984
1403715899284058112
1403715899334057984
1403715899384058112
1403715899434057984
1403715899484058112
1403715899534057984
1403715899584058112
1403715899634057984
1403715899684058112
1403715899734057984
1403715899784058112
1403715899834057984
1403715899884058112
1403715899934057984
1403715899984058112
1403715900034057984
1403715900084058112
1403715900134057984
1403715900184058112
1403715900234057984
1403715900284058112
1403715900334057984
1403715900384058112
1403715900434057984
1403715900484058112
1403715900534057984
1403715900584058112
1403715900634057984
1403715900684058112
1403715900734057984
1403715900784058112
1403715900834057984
1403715900884058112
1403715900934057984
1403715900984058112
1403715901034057984
1403715901084058112
1403715901134057984
1403715901184058112
1403715901234057984
1403715901284058112
1403715901334057984
1403715901384058112
1403715901434057984
1403715901484058112
1403715901534057984
1403715901584058112
1403715901634057984
1403715901684058112
1403715901734057984
1403715901784058112
1403715901834057984
1403715901884058112
1403715901934057984
1403715901984058112
1403715902034057984
1403715902084058112
1403715902134057984
1403715902184058112
1403715902234057984
1403715902284058112
1403715902334057984
1403715902384058112
1403715902434057984
1403715902484058112
1403715902534057984
1403715902584058112
1403715902634057984
1403715902684058112
1403715902734057984
1403715902784058112
1403715902834057984
1403715902884058112
1403715902934057984
1403715902984058112
1403715903034057984
1403715903084058112
1403715903134057984
1403715903184058112
1403715903234057984
1403715903284058112
1403715903334057984
1403715903384058112
1403715903434057984
1403715903484058112
1403715903534057984
1403715903584058112
1403715903634057984
1403715903684058112
1403715903734057984
1403715903784058112
1403715903834057984
1403715903884058112
1403715903934057984
1403715903984058112
1403715904034057984
1403715904084058112
1403715904134057984
1403715904184058112
1403715904234057984
1403715904284058112
1403715904334057984
1403715904384058112
1403715904434057984
1403715904484058112
1403715904534057984
1403715904584058112
1403715904634057984
1403715904684058112
1403715904734057984
1403715904784058112
1403715904834057984
1403715904884058112
1403715904934057984
1403715904984058112
1403715905034057984
1403715905084058112
1403715905134057984
1403715905184058112
1403715905234057984
1403715905284058112
1403715905334057984
1403715905384058112
1403715905434057984
1403715905484058112
1403715905534057984
1403715905584058112
1403715905634057984
1403715905684058112
1403715905734057984
1403715905784058112
1403715905834057984
1403715905884058112
1403715905934057984
1403715905984058112
1403715906034057984
1403715906084058112
1403715906134057984
1403715906184058112
1403715906234057984
1403715906284058112
1403715906334057984
1403715906384058112
1403715906434057984
1403715906484058112
1403715906534057984
1403715906584058112
1403715906634057984
1403715906684058112
1403715906734057984
1403715906784058112
1403715906834057984
1403715906884058112
1403715906934057984
1403715906984058112
1403715907034057984
1403715907084058112
1403715907134057984
1403715907184058112
1403715907234057984
1403715907284058112
1403715907334057984
1403715907384058112
1403715907434057984
1403715907484058112
1403715907534057984
1403715907584058112
1403715907634057984
1403715907684058112
1403715907734057984
1403715907784058112
1403715907834057984
1403715907884058112
1403715907934057984
1403715907984058112
1403715908034057984
1403715908084058112
1403715908134057984
1403715908184058112
1403715908234057984
1403715908284058112
1403715908334057984
1403715908384058112
1403715908434057984
1403715908484058112
1403715908534057984
1403715908584058112
1403715908634057984
1403715908684058112
1403715908734057984
1403715908784058112
1403715908834057984
1403715908884058112
1403715908934057984
1403715908984058112
1403715909034057984
1403715909084058112
1403715909134057984
1403715909184058112
1403715909234057984
1403715909284058112
1403715909334057984
1403715909384058112
1403715909434057984
1403715909484058112
1403715909534057984
1403715909584058112
1403715909634057984
1403715909684058112
1403715909734057984
1403715909784058112
1403715909834057984
1403715909884058112
1403715909934057984
1403715909984058112
1403715910034057984
1403715910084058112
1403715910134057984
1403715910184058112
1403715910234057984
1403715910284058112
1403715910334057984
1403715910384058112
1403715910434057984
1403715910484058112
1403715910534057984
1403715910584058112
1403715910634057984
1403715910684058112
1403715910734057984
1403715910784058112
1403715910834057984
1403715910884058112
1403715910934057984
1403715910984058112
1403715911034057984
1403715911084058112
1403715911134057984
1403715911184058112
1403715911234057984
1403715911284058112
1403715911334057984
1403715911384058112
1403715911434057984
1403715911484058112
1403715911534057984
1403715911584058112
1403715911634057984
1403715911684058112
1403715911734057984
1403715911784058112
1403715911834057984
1403715911884058112
1403715911934057984
1403715911984058112
1403715912034057984
1403715912084058112
1403715912134057984
1403715912184058112
1403715912234057984
1403715912284058112
1403715912334057984
1403715912384058112
1403715912434057984
1403715912484058112
1403715912534057984
1403715912584058112
1403715912634057984
1403715912684058112
1403715912734057984
1403715912784058112
1403715912834057984
1403715912884058112
1403715912934057984
1403715912984058112
1403715913034057984
1403715913084058112
1403715913134057984
1403715913184058112
1403715913234057984
1403715913284058112
1403715913334057984
1403715913384058112
1403715913434057984
1403715913484058112
1403715913534057984
1403715913584058112
1403715913634057984
1403715913684058112
1403715913734057984
1403715913784058112
1403715913834057984
1403715913884058112
1403715913934057984
1403715913984058112
1403715914034057984
1403715914084058112
1403715914134057984
1403715914184058112
1403715914234057984
1403715914284058112
1403715914334057984
1403715914384058112
1403715914434057984
1403715914484058112
1403715914534057984
1403715914584058112
1403715914634057984
1403715914684058112
1403715914734057984
1403715914784058112
1403715914834057984
1403715914884058112
1403715914934057984
1403715914984058112
1403715915034057984
1403715915084058112
1403715915134057984
1403715915184058112
1403715915234057984
1403715915284058112
1403715915334057984
1403715915384058112
1403715915434057984
1403715915484058112
1403715915534057984
1403715915584058112
1403715915634057984
1403715915684058112
1403715915734057984
1403715915784058112
1403715915834057984
1403715915884058112
1403715915934057984
1403715915984058112
1403715916034057984
1403715916084058112
1403715916134057984
1403715916184058112
1403715916234057984
1403715916284058112
1403715916334057984
1403715916384058112
1403715916434057984
1403715916484058112
1403715916534057984
1403715916584058112
1403715916634057984
1403715916684058112
1403715916734057984
1403715916784058112
1403715916834057984
1403715916884058112
1403715916934057984
1403715916984058112
1403715917034057984
1403715917084058112
1403715917134057984
1403715917184058112
1403715917234057984
1403715917284058112
1403715917334057984
1403715917384058112
1403715917434057984
1403715917484058112
1403715917534057984
1403715917584058112
1403715917634057984
1403715917684058112
1403715917734057984
1403715917784058112
1403715917834057984
1403715917884058112
1403715917934057984
1403715917984058112
1403715918034057984
1403715918084058112
1403715918134057984
1403715918184058112
1403715918234057984
1403715918284058112
1403715918334057984
1403715918384058112
1403715918434057984
1403715918484058112
1403715918534057984
1403715918584058112
1403715918634057984
1403715918684058112
1403715918734057984
1403715918784058112
1403715918834057984
1403715918884058112
1403715918934057984
1403715918984058112
1403715919034057984
1403715919084058112
1403715919134057984
1403715919184058112
1403715919234057984
1403715919284058112
1403715919334057984
1403715919384058112
1403715919434057984
1403715919484058112
1403715919534057984
1403715919584058112
1403715919634057984
1403715919684058112
1403715919734057984
1403715919784058112
1403715919834057984
1403715919884058112
1403715919934057984
1403715919984058112
1403715920034057984
1403715920084058112
1403715920134057984
1403715920184058112
1403715920234057984
1403715920284058112
1403715920334057984
1403715920384058112
1403715920434057984
1403715920484058112
1403715920534057984
1403715920584058112
1403715920634057984
1403715920684058112
1403715920734057984
1403715920784058112
1403715920834057984
1403715920884058112
1403715920934057984
1403715920984058112
1403715921034057984
1403715921084058112
1403715921134057984
1403715921184058112
1403715921234057984
1403715921284058112
1403715921334057984
1403715921384058112
1403715921434057984
1403715921484058112
1403715921534057984
1403715921584058112
1403715921634057984
1403715921684058112
1403715921734057984
1403715921784058112
1403715921834057984
1403715921884058112
1403715921934057984
1403715921984058112
1403715922034057984
1403715922084058112
1403715922134057984
1403715922184058112
1403715922234057984
1403715922284058112
1403715922334057984
1403715922384058112
1403715922434057984
1403715922484058112
1403715922534057984
1403715922584058112
1403715922634057984
1403715922684058112
1403715922734057984
1403715922784058112
1403715922834057984
1403715922884058112
1403715922934057984
1403715922984058112
1403715923034057984
1403715923084058112
1403715923134057984
1403715923184058112
1403715923234057984
1403715923284058112
1403715923334057984
1403715923384058112
1403715923434057984
1403715923484058112
1403715923534057984
1403715923584058112
1403715923634057984
1403715923684058112
1403715923734057984
1403715923784058112
1403715923834057984
1403715923884058112
1403715923934057984
1403715923984058112
1403715924034057984
1403715924084058112
1403715924134057984
1403715924184058112
1403715924234057984
1403715924284058112
1403715924334057984
1403715924384058112
1403715924434057984
1403715924484058112
1403715924534057984
1403715924584058112
1403715924634057984
1403715924684058112
1403715924734057984
1403715924784058112
1403715924834057984
1403715924884058112
1403715924934057984
1403715924984058112
1403715925034057984
1403715925084058112
1403715925134057984
1403715925184058112
1403715925234057984
1403715925284058112
1403715925334057984
1403715925384058112
1403715925434057984
1403715925484058112
1403715925534057984
1403715925584058112
1403715925634057984
1403715925684058112
1403715925734057984
1403715925784058112
1403715925834057984
1403715925884058112
1403715925934057984
1403715925984058112
1403715926034057984
1403715926084058112
1403715926134057984
1403715926184058112
1403715926234057984
1403715926284058112
1403715926334057984
1403715926384058112
1403715926434057984
1403715926484058112
1403715926534057984
1403715926584058112
1403715926634057984
1403715926684058112
1403715926734057984
1403715926784058112
1403715926834057984
1403715926884058112
1403715926934057984
1403715926984058112
1403715927034057984
1403715927084058112
1403715927134057984
1403715927184058112
1403715927234057984
1403715927284058112
1403715927334057984
1403715927384058112
1403715927434057984
1403715927484058112
1403715927534057984
1403715927584058112
1403715927634057984
1403715927684058112
1403715927734057984
1403715927784058112
1403715927834057984
1403715927884058112
1403715927934057984
1403715927984058112
1403715928034057984
1403715928084058112
1403715928134057984
1403715928184058112
1403715928234057984
1403715928284058112
1403715928334057984
1403715928384058112
1403715928434057984
1403715928484058112
1403715928534057984
1403715928584058112
1403715928634057984
1403715928684058112
1403715928734057984
1403715928784058112
1403715928834057984
1403715928884058112
1403715928934057984
1403715928984058112
1403715929034057984
1403715929084058112
1403715929134057984
1403715929184058112
1403715929234057984
1403715929284058112
1403715929334057984
1403715929384058112
1403715929434057984
1403715929484058112
1403715929534057984
1403715929584058112
1403715929634057984
1403715929684058112
1403715929734057984
1403715929784058112
1403715929834057984
1403715929884058112
1403715929934057984
1403715929984058112
1403715930034057984
1403715930084058112
1403715930134057984
1403715930184058112
1403715930234057984
1403715930284058112
1403715930334057984
1403715930384058112
1403715930434057984
1403715930484058112
1403715930534057984
1403715930584058112
1403715930634057984
1403715930684058112
1403715930734057984
1403715930784058112
1403715930834057984
1403715930884058112
1403715930934057984
1403715930984058112
1403715931034057984
1403715931084058112
1403715931134057984
1403715931184058112
1403715931234057984
1403715931284058112
1403715931334057984
1403715931384058112
1403715931434057984
1403715931484058112
1403715931534057984
1403715931584058112
1403715931634057984
1403715931684058112
1403715931734057984
1403715931784058112
1403715931834057984
1403715931884058112
1403715931934057984
1403715931984058112
1403715932034057984
1403715932084058112
1403715932134057984
1403715932184058112
1403715932234057984
1403715932284058112
1403715932334057984
1403715932384058112
1403715932434057984
1403715932484058112
1403715932534057984
1403715932584058112
1403715932634057984
1403715932684058112
1403715932734057984
1403715932784058112
1403715932834057984
1403715932884058112
1403715932934057984
1403715932984058112
1403715933034057984
1403715933084058112
1403715933134057984
1403715933184058112
1403715933234057984
1403715933284058112
1403715933334057984
1403715933384058112
1403715933434057984
1403715933484058112
1403715933534057984
1403715933584058112
1403715933634057984
1403715933684058112
1403715933734057984
1403715933784058112
1403715933834057984
1403715933884058112
1403715933934057984
1403715933984058112
1403715934034057984
1403715934084058112
1403715934134057984
1403715934184058112
1403715934234057984
1403715934284058112
1403715934334057984
1403715934384058112
1403715934434057984
1403715934484058112
1403715934534057984
1403715934584058112
1403715934634057984
1403715934684058112
1403715934734057984
1403715934784058112
1403715934834057984
1403715934884058112
1403715934934057984
1403715934984058112
1403715935034057984
1403715935084058112
1403715935134057984
1403715935184058112
1403715935234057984
1403715935284058112
1403715935334057984
1403715935384058112
1403715935434057984
1403715935484058112
1403715935534057984
1403715935584058112
1403715935634057984
1403715935684058112
1403715935734057984
1403715935784058112
1403715935834057984
1403715935884058112
1403715935934057984
1403715935984058112
1403715936034057984
1403715936084058112
1403715936134057984
1403715936184058112
1403715936234057984
1403715936284058112
1403715936334057984
1403715936384058112
1403715936434057984
1403715936484058112
1403715936534057984
1403715936584058112
1403715936634057984
1403715936684058112
1403715936734057984
1403715936784058112
1403715936834057984
1403715936884058112
1403715936934057984
1403715936984058112
1403715937034057984
1403715937084058112
1403715937134057984
1403715937184058112
1403715937234057984
1403715937284058112
1403715937334057984
1403715937384058112
1403715937434057984
1403715937484058112
1403715937534057984
1403715937584058112
1403715937634057984
1403715937684058112
1403715937734057984
1403715937784058112
1403715937834057984
1403715937884058112
1403715937934057984
1403715937984058112
1403715938034057984
1403715938084058112
1403715938134057984
1403715938184058112
1403715938234057984
1403715938284058112
1403715938334057984
1403715938384058112
1403715938434057984
1403715938484058112
1403715938534057984
1403715938584058112
1403715938634057984
1403715938684058112
1403715938734057984
1403715938784058112
1403715938834057984
1403715938884058112
1403715938934057984
1403715938984058112
1403715939034057984
1403715939084058112
1403715939134057984
1403715939184058112
1403715939234057984
1403715939284058112
1403715939334057984
1403715939384058112
1403715939434057984
1403715939484058112
1403715939534057984
1403715939584058112
1403715939634057984
1403715939684058112
1403715939734057984
1403715939784058112
1403715939834057984
1403715939884058112
1403715939934057984
1403715939984058112
1403715940034057984
1403715940084058112
1403715940134057984
1403715940184058112
1403715940234057984
1403715940284058112
1403715940334057984
1403715940384058112
1403715940434057984
1403715940484058112
1403715940534057984
1403715940584058112
1403715940634057984
1403715940684058112
1403715940734057984
1403715940784058112
1403715940834057984
1403715940884058112
1403715940934057984
1403715940984058112
1403715941034057984
1403715941084058112
1403715941134057984
1403715941184058112
1403715941234057984
1403715941284058112
1403715941334057984
1403715941384058112
1403715941434057984
1403715941484058112
1403715941534057984
1403715941584058112
1403715941634057984
1403715941684058112
1403715941734057984
1403715941784058112
1403715941834057984
1403715941884058112
1403715941934057984
1403715941984058112
1403715942034057984
1403715942084058112
1403715942134057984
1403715942184058112
1403715942234057984
1403715942284058112
1403715942334057984
1403715942384058112
1403715942434057984
1403715942484058112
1403715942534057984
1403715942584058112
1403715942634057984
1403715942684058112
1403715942734057984
1403715942784058112
1403715942834057984
1403715942884058112
1403715942934057984
1403715942984058112
1403715943034057984
1403715943084058112
1403715943134057984
1403715943184058112
1403715943234057984
1403715943284058112
1403715943334057984
1403715943384058112
1403715943434057984
1403715943484058112
1403715943534057984
1403715943584058112
1403715943634057984
1403715943684058112
1403715943734057984
1403715943784058112
1403715943834057984
1403715943884058112
1403715943934057984
1403715943984058112
1403715944034057984
1403715944084058112
1403715944134057984
1403715944184058112
1403715944234057984
1403715944284058112
1403715944334057984
1403715944384058112
1403715944434057984
1403715944484058112
1403715944534057984
1403715944584058112
1403715944634057984
1403715944684058112
1403715944734057984
1403715944784058112
1403715944834057984
1403715944884058112
1403715944934057984
1403715944984058112
1403715945034057984
1403715945084058112
1403715945134057984
1403715945184058112
1403715945234057984
1403715945284058112
1403715945334057984
1403715945384058112
1403715945434057984
1403715945484058112
1403715945534057984
1403715945584058112
1403715945634057984
1403715945684058112
1403715945734057984
1403715945784058112
1403715945834057984
1403715945884058112
1403715945934057984
1403715945984058112
1403715946034057984
1403715946084058112
1403715946134057984
1403715946184058112
1403715946234057984
1403715946284058112
1403715946334057984
1403715946384058112
1403715946434057984
1403715946484058112
1403715946534057984
1403715946584058112
1403715946634057984
1403715946684058112
1403715946734057984
1403715946784058112
1403715946834057984
1403715946884058112
1403715946934057984
1403715946984058112
1403715947034057984
1403715947084058112
1403715947134057984
1403715947184058112
1403715947234057984
1403715947284058112
1403715947334057984
1403715947384058112
1403715947434057984
1403715947484058112
1403715947534057984
1403715947584058112
1403715947634057984
1403715947684058112
1403715947734057984
1403715947784058112
1403715947834057984
1403715947884058112
1403715947934057984
1403715947984058112
1403715948034057984
1403715948084058112
1403715948134057984
1403715948184058112
1403715948234057984
1403715948284058112
1403715948334057984
1403715948384058112
1403715948434057984
1403715948484058112
1403715948534057984
1403715948584058112
1403715948634057984
1403715948684058112
1403715948734057984
1403715948784058112
1403715948834057984
1403715948884058112
1403715948934057984
1403715948984058112
1403715949034057984
1403715949084058112
1403715949134057984
1403715949184058112
1403715949234057984
1403715949284058112
1403715949334057984
1403715949384058112
1403715949434057984
1403715949484058112
1403715949534057984
1403715949584058112
1403715949634057984
1403715949684058112
1403715949734057984
1403715949784058112
1403715949834057984
1403715949884058112
1403715949934057984
1403715949984058112
1403715950034057984
1403715950084058112
1403715950134057984
1403715950184058112
1403715950234057984
1403715950284058112
1403715950334057984
1403715950384058112
1403715950434057984
1403715950484058112
1403715950534057984
1403715950584058112
1403715950634057984
1403715950684058112
1403715950734057984
1403715950784058112
1403715950834057984
1403715950884058112
1403715950934057984
1403715950984058112
1403715951034057984
1403715951084058112
1403715951134057984
1403715951184058112
1403715951234057984
1403715951284058112
1403715951334057984
1403715951384058112
1403715951434057984
1403715951484058112
1403715951534057984
1403715951584058112
1403715951634057984
1403715951684058112
1403715951734057984
1403715951784058112
1403715951834057984
1403715951884058112
1403715951934057984
1403715951984058112
1403715952034057984
1403715952084058112
1403715952134057984
1403715952184058112
1403715952234057984
1403715952284058112
1403715952334057984
1403715952384058112
1403715952434057984
1403715952484058112
1403715952534057984
1403715952584058112
1403715952634057984
1403715952684058112
1403715952734057984
1403715952784058112
1403715952834057984
1403715952884058112
1403715952934057984
1403715952984058112
1403715953034057984
1403715953084058112
1403715953134057984
1403715953184058112
1403715953234057984
1403715953284058112
1403715953334057984
1403715953384058112
1403715953434057984
1403715953484058112
1403715953534057984
1403715953584058112
1403715953634057984
1403715953684058112
1403715953734057984
1403715953784058112
1403715953834057984
1403715953884058112
1403715953934057984
1403715953984058112
1403715954034057984
1403715954084058112
1403715954134057984
1403715954184058112
1403715954234057984
1403715954284058112
1403715954334057984
1403715954384058112
1403715954434057984
1403715954484058112
1403715954534057984
1403715954584058112
1403715954634057984
1403715954684058112
1403715954734057984
1403715954784058112
1403715954834057984
1403715954884058112
1403715954934057984
1403715954984058112
1403715955034057984
1403715955084058112
1403715955134057984
1403715955184058112
1403715955234057984
1403715955284058112
1403715955334057984
1403715955384058112
1403715955434057984
1403715955484058112
1403715955534057984
1403715955584058112
1403715955634057984
1403715955684058112
1403715955734057984
1403715955784058112
1403715955834057984
1403715955884058112
1403715955934057984
1403715955984058112
1403715956034057984
1403715956084058112
1403715956134057984
1403715956184058112
1403715956234057984
1403715956284058112
1403715956334057984
1403715956384058112
1403715956434057984
1403715956484058112
1403715956534057984
1403715956584058112
1403715956634057984
1403715956684058112
1403715956734057984
1403715956784058112
1403715956834057984
1403715956884058112
1403715956934057984
1403715956984058112
1403715957034057984
1403715957084058112
1403715957134057984
1403715957184058112
1403715957234057984
1403715957284058112
1403715957334057984
1403715957384058112
1403715957434057984
1403715957484058112
1403715957534057984
1403715957584058112
1403715957634057984
1403715957684058112
1403715957734057984
1403715957784058112
1403715957834057984
1403715957884058112
1403715957934057984
1403715957984058112
1403715958034057984
1403715958084058112
1403715958134057984
1403715958184058112
1403715958234057984
1403715958284058112
1403715958334057984
1403715958384058112
1403715958434057984
1403715958484058112
1403715958534057984
1403715958584058112
1403715958634057984
1403715958684058112
1403715958734057984
1403715958784058112
1403715958834057984
1403715958884058112
1403715958934057984
1403715958984058112
1403715959034057984
1403715959084058112
1403715959134057984
1403715959184058112
1403715959234057984
1403715959284058112
1403715959334057984
1403715959384058112
1403715959434057984
1403715959484058112
1403715959534057984
1403715959584058112
1403715959634057984
1403715959684058112
1403715959734057984
1403715959784058112
1403715959834057984
1403715959884058112
1403715959934057984
1403715959984058112
1403715960034057984
1403715960084058112
1403715960134057984
1403715960184058112
1403715960234057984
1403715960284058112
1403715960334057984
1403715960384058112
1403715960434057984
1403715960484058112
1403715960534057984
1403715960584058112
1403715960634057984
1403715960684058112
1403715960734057984
1403715960784058112
1403715960834057984
1403715960884058112
1403715960934057984
1403715960984058112
1403715961034057984
1403715961084058112
1403715961134057984
1403715961184058112
1403715961234057984
1403715961284058112
1403715961334057984
1403715961384058112
1403715961434057984
1403715961484058112
1403715961534057984
1403715961584058112
1403715961634057984
1403715961684058112
1403715961734057984
1403715961784058112
1403715961834057984
1403715961884058112
1403715961934057984
1403715961984058112
1403715962034057984
1403715962084058112
1403715962134057984
1403715962184058112
1403715962234057984
1403715962284058112
1403715962334057984
1403715962384058112
1403715962434057984
1403715962484058112
1403715962534057984
1403715962584058112
1403715962634057984
1403715962684058112
1403715962734057984
1403715962784058112
1403715962834057984
1403715962884058112
1403715962934057984
1403715962984058112
1403715963034057984
1403715963084058112
1403715963134057984
1403715963184058112
1403715963234057984
1403715963284058112
1403715963334057984
1403715963384058112
1403715963434057984
1403715963484058112
1403715963534057984
1403715963584058112
1403715963634057984
1403715963684058112
1403715963734057984
1403715963784058112
1403715963834057984
1403715963884058112
1403715963934057984
1403715963984058112
1403715964034057984
1403715964084058112
1403715964134057984
1403715964184058112
1403715964234057984
1403715964284058112
1403715964334057984
1403715964384058112
1403715964434057984
1403715964484058112
1403715964534057984
1403715964584058112
1403715964634057984
1403715964684058112
1403715964734057984
1403715964784058112
1403715964834057984
1403715964884058112
1403715964934057984
1403715964984058112
1403715965034057984
1403715965084058112
1403715965134057984
1403715965184058112
1403715965234057984
1403715965284058112
1403715965334057984
1403715965384058112
1403715965434057984
1403715965484058112
1403715965534057984
1403715965584058112
1403715965634057984
1403715965684058112
1403715965734057984
1403715965784058112
1403715965834057984
1403715965884058112
1403715965934057984
1403715965984058112
1403715966034057984
1403715966084058112
1403715966134057984
1403715966184058112
1403715966234057984
1403715966284058112
1403715966334057984
1403715966384058112
1403715966434057984
1403715966484058112
1403715966534057984
1403715966584058112
1403715966634057984
1403715966684058112
1403715966734057984
1403715966784058112
1403715966834057984
1403715966884058112
1403715966934057984
1403715966984058112
1403715967034057984
1403715967084058112
1403715967134057984
1403715967184058112
1403715967234057984
1403715967284058112
1403715967334057984
1403715967384058112
1403715967434057984
1403715967484058112
1403715967534057984
1403715967584058112
1403715967634057984
1403715967684058112
1403715967734057984
1403715967784058112
1403715967834057984
1403715967884058112
1403715967934057984
1403715967984058112
1403715968034057984
1403715968084058112
1403715968134057984
1403715968184058112
1403715968234057984
1403715968284058112
1403715968334057984
1403715968384058112
1403715968434057984
1403715968484058112
1403715968534057984
1403715968584058112
1403715968634057984
1403715968684058112
1403715968734057984
1403715968784058112
1403715968834057984
1403715968884058112
1403715968934057984
1403715968984058112
1403715969034057984
1403715969084058112
1403715969134057984
1403715969184058112
1403715969234057984
1403715969284058112
1403715969334057984
1403715969384058112
1403715969434057984
1403715969484058112
1403715969534057984
1403715969584058112
1403715969634057984
1403715969684058112
1403715969734057984
1403715969784058112
1403715969834057984
1403715969884058112
1403715969934057984
1403715969984058112
1403715970034057984
1403715970084058112
1403715970134057984
1403715970184058112
1403715970234057984
1403715970284058112
1403715970334057984
1403715970384058112
1403715970434057984
1403715970484058112
1403715970534057984
1403715970584058112
1403715970634057984
1403715970684058112
1403715970734057984
1403715970784058112
1403715970834057984
1403715970884058112
1403715970934057984
1403715970984058112
1403715971034057984
1403715971084058112
1403715971134057984
1403715971184058112
1403715971234057984
1403715971284058112
1403715971334057984
1403715971384058112
1403715971434057984
1403715971484058112
1403715971534057984
1403715971584058112
1403715971634057984
1403715971684058112
1403715971734057984
1403715971784058112
1403715971834057984
1403715971884058112
1403715971934057984
1403715971984058112
1403715972034057984
1403715972084058112
1403715972134057984
1403715972184058112
1403715972234057984
1403715972284058112
1403715972334057984
1403715972384058112
1403715972434057984
1403715972484058112
1403715972534057984
1403715972584058112
1403715972634057984
1403715972684058112
1403715972734057984
1403715972784058112
1403715972834057984
1403715972884058112
1403715972934057984
1403715972984058112
1403715973034057984
1403715973084058112
1403715973134057984
1403715973184058112
1403715973234057984
1403715973284058112
1403715973334057984
1403715973384058112
1403715973434057984
1403715973484058112
1403715973534057984
1403715973584058112
1403715973634057984
1403715973684058112
1403715973734057984
1403715973784058112
1403715973834057984
1403715973884058112
1403715973934057984
1403715973984058112
1403715974034057984
1403715974084058112
1403715974134057984
1403715974184058112
1403715974234057984
1403715974284058112
1403715974334057984
1403715974384058112
1403715974434057984
1403715974484058112
1403715974534057984
1403715974584058112
1403715974634057984
1403715974684058112
1403715974734057984
1403715974784058112
1403715974834057984
1403715974884058112
1403715974934057984
1403715974984058112
1403715975034057984
1403715975084058112
1403715975134057984
1403715975184058112
1403715975234057984
1403715975284058112
1403715975334057984
1403715975384058112
1403715975434057984
1403715975484058112
1403715975534057984
1403715975584058112
1403715975634057984
1403715975684058112
1403715975734057984
1403715975784058112
1403715975834057984
1403715975884058112
1403715975934057984
1403715975984058112
1403715976034057984
1403715976084058112
1403715976134057984
1403715976184058112
1403715976234057984
1403715976284058112
1403715976334057984
1403715976384058112
1403715976434057984
1403715976484058112
1403715976534057984
1403715976584058112
1403715976634057984
1403715976684058112
1403715976734057984
1403715976784058112
1403715976834057984
1403715976884058112
1403715976934057984
1403715976984058112
1403715977034057984
1403715977084058112
1403715977134057984
1403715977184058112
1403715977234057984
1403715977284058112
1403715977334057984
1403715977384058112
1403715977434057984
1403715977484058112
1403715977534057984
1403715977584058112
1403715977634057984
1403715977684058112
1403715977734057984
1403715977784058112
1403715977834057984
1403715977884058112
1403715977934057984
1403715977984058112
1403715978034057984
1403715978084058112
1403715978134057984
1403715978184058112
1403715978234057984
1403715978284058112
1403715978334057984
1403715978384058112
1403715978434057984
1403715978484058112
1403715978534057984
1403715978584058112
1403715978634057984
1403715978684058112
1403715978734057984
1403715978784058112
1403715978834057984
1403715978884058112
1403715978934057984
1403715978984058112
1403715979034057984
1403715979084058112
1403715979134057984
1403715979184058112
1403715979234057984
1403715979284058112
1403715979334057984
1403715979384058112
1403715979434057984
1403715979484058112
1403715979534057984
1403715979584058112
1403715979634057984
1403715979684058112
1403715979734057984
1403715979784058112
1403715979834057984
1403715979884058112
1403715979934057984
1403715979984058112
1403715980034057984
1403715980084058112
1403715980134057984
1403715980184058112
1403715980234057984
1403715980284058112
1403715980334057984
1403715980384058112
1403715980434057984
1403715980484058112
1403715980534057984
1403715980584058112
1403715980634057984
1403715980684058112
1403715980734057984
1403715980784058112
1403715980834057984
1403715980884058112
1403715980934057984
1403715980984058112
1403715981034057984
1403715981084058112
1403715981134057984
1403715981184058112
1403715981234057984
1403715981284058112
1403715981334057984
1403715981384058112
1403715981434057984
1403715981484058112
1403715981534057984
1403715981584058112
1403715981634057984
1403715981684058112
1403715981734057984
1403715981784058112
1403715981834057984
1403715981884058112
1403715981934057984
1403715981984058112
1403715982034057984
1403715982084058112
1403715982134057984
1403715982184058112
1403715982234057984
1403715982284058112
1403715982334057984
1403715982384058112
1403715982434057984
1403715982484058112
1403715982534057984
1403715982584058112
1403715982634057984
1403715982684058112
1403715982734057984
1403715982784058112
1403715982834057984
1403715982884058112
1403715982934057984
1403715982984058112
1403715983034057984
1403715983084058112
1403715983134057984
1403715983184058112
1403715983234057984
1403715983284058112
1403715983334057984
1403715983384058112
1403715983434057984
1403715983484058112
1403715983534057984
1403715983584058112
1403715983634057984
1403715983684058112
1403715983734057984
1403715983784058112
1403715983834057984
1403715983884058112
1403715983934057984
1403715983984058112
1403715984034057984
1403715984084058112
1403715984134057984
1403715984184058112
1403715984234057984
1403715984284058112
1403715984334057984
1403715984384058112
1403715984434057984
1403715984484058112
1403715984534057984
1403715984584058112
1403715984634057984
1403715984684058112
1403715984734057984
1403715984784058112
1403715984834057984
1403715984884058112
1403715984934057984
1403715984984058112
1403715985034057984
1403715985084058112
1403715985134057984
1403715985184058112
1403715985234057984
1403715985284058112
1403715985334057984
1403715985384058112
1403715985434057984
1403715985484058112
1403715985534057984
1403715985584058112
1403715985634057984
1403715985684058112
1403715985734057984
1403715985784058112
1403715985834057984
1403715985884058112
1403715985934057984
1403715985984058112
1403715986034057984
1403715986084058112
1403715986134057984
1403715986184058112
1403715986234057984
1403715986284058112
1403715986334057984
1403715986384058112
1403715986434057984
1403715986484058112
1403715986534057984
1403715986584058112
1403715986634057984
1403715986684058112
1403715986734057984
1403715986784058112
1403715986834057984
1403715986884058112
1403715986934057984
1403715986984058112
1403715987034057984
1403715987084058112
1403715987134057984
1403715987184058112
1403715987234057984
1403715987284058112
1403715987334057984
1403715987384058112
1403715987434057984
1403715987484058112
1403715987534057984
1403715987584058112
1403715987634057984
1403715987684058112
1403715987734057984
1403715987784058112
1403715987834057984
1403715987884058112
1403715987934057984
1403715987984058112
1403715988034057984
1403715988084058112
1403715988134057984
1403715988184058112
1403715988234057984
1403715988284058112
1403715988334057984
1403715988384058112
1403715988434057984
1403715988484058112
1403715988534057984
1403715988584058112
1403715988634057984
1403715988684058112
1403715988734057984
1403715988784058112
1403715988834057984
1403715988884058112
1403715988934057984
1403715988984058112
1403715989034057984
1403715989084058112
1403715989134057984
1403715989184058112
1403715989234057984
1403715989284058112
1403715989334057984
1403715989384058112
1403715989434057984
1403715989484058112
1403715989534057984
1403715989584058112
1403715989634057984
1403715989684058112
1403715989734057984
1403715989784058112
1403715989834057984
1403715989884058112
1403715989934057984
1403715989984058112
1403715990034057984
1403715990084058112
1403715990134057984
1403715990184058112
1403715990234057984
1403715990284058112
1403715990334057984
1403715990384058112
1403715990434057984
1403715990484058112
1403715990534057984
1403715990584058112
1403715990634057984
1403715990684058112
1403715990734057984
1403715990784058112
1403715990834057984
1403715990884058112
1403715990934057984
1403715990984058112
1403715991034057984
1403715991084058112
1403715991134057984
1403715991184058112
1403715991234057984
1403715991284058112
1403715991334057984
1403715991384058112
1403715991434057984
1403715991484058112
1403715991534057984
1403715991584058112
1403715991634057984
1403715991684058112
1403715991734057984
1403715991784058112
1403715991834057984
1403715991884058112
1403715991934057984
1403715991984058112
1403715992034057984
1403715992084058112
1403715992134057984
1403715992184058112
1403715992234057984
1403715992284058112
1403715992334057984
1403715992384058112
1403715992434057984
1403715992484058112
1403715992534057984
1403715992584058112
1403715992634057984
1403715992684058112
1403715992734057984
1403715992784058112
1403715992834057984
1403715992884058112
1403715992934057984
1403715992984058112
1403715993034057984
1403715993084058112
1403715993134057984
1403715993184058112
1403715993234057984
1403715993284058112
1403715993334057984
1403715993384058112
1403715993434057984
1403715993484058112
1403715993534057984
1403715993584058112
1403715993634057984
1403715993684058112
1403715993734057984
1403715993784058112
1403715993834057984
1403715993884058112
1403715993934057984
1403715993984058112
