1403636579763555584
1403636579813555456
1403636579863555584
1403636579913555456
1403636579963555584
1403636580013555456
1403636580063555584
1403636580113555456
1403636580163555584
1403636580213555456
1403636580263555584
1403636580313555456
1403636580363555584
1403636580413555456
1403636580463555584
1403636580513555456
1403636580563555584
1403636580613555456
1403636580663555584
1403636580713555456
1403636580763555584
1403636580813555456
1403636580863555584
1403636580913555456
1403636580963555584
1403636581013555456
1403636581063555584
1403636581113555456
1403636581163555584
1403636581213555456
1403636581263555584
1403636581313555456
1403636581363555584
1403636581413555456
1403636581463555584
1403636581513555456
1403636581563555584
1403636581613555456
1403636581663555584
1403636581713555456
1403636581763555584
1403636581813555456
1403636581863555584
1403636581913555456
1403636581963555584
1403636582013555456
1403636582063555584
1403636582113555456
1403636582163555584
1403636582213555456
1403636582263555584
1403636582313555456
1403636582363555584
1403636582413555456
1403636582463555584
1403636582513555456
1403636582563555584
1403636582613555456
1403636582663555584
1403636582713555456
1403636582763555584
1403636582813555456
1403636582863555584
1403636582913555456
1403636582963555584
1403636583013555456
1403636583063555584
1403636583113555456
1403636583163555584
1403636583213555456
1403636583263555584
1403636583313555456
1403636583363555584
1403636583413555456
1403636583463555584
1403636583513555456
1403636583563555584
1403636583613555456
1403636583663555584
1403636583713555456
1403636583763555584
1403636583813555456
1403636583863555584
1403636583913555456
1403636583963555584
1403636584013555456
1403636584063555584
1403636584113555456
1403636584163555584
1403636584213555456
1403636584263555584
1403636584313555456
1403636584363555584
1403636584413555456
1403636584463555584
1403636584513555456
1403636584563555584
1403636584613555456
1403636584663555584
1403636584713555456
1403636584763555584
1403636584813555456
1403636584863555584
1403636584913555456
1403636584963555584
1403636585013555456
1403636585063555584
1403636585113555456
1403636585163555584
1403636585213555456
1403636585263555584
1403636585313555456
1403636585363555584
1403636585413555456
1403636585463555584
1403636585513555456
1403636585563555584
1403636585613555456
1403636585663555584
1403636585713555456
1403636585763555584
1403636585813555456
1403636585863555584
1403636585913555456
1403636585963555584
1403636586013555456
1403636586063555584
1403636586113555456
1403636586163555584
1403636586213555456
1403636586263555584
1403636586313555456
1403636586363555584
1403636586413555456
1403636586463555584
1403636586513555456
1403636586563555584
1403636586613555456
1403636586663555584
1403636586713555456
1403636586763555584
1403636586813555456
1403636586863555584
1403636586913555456
1403636586963555584
1403636587013555456
1403636587063555584
1403636587113555456
1403636587163555584
1403636587213555456
1403636587263555584
1403636587313555456
1403636587363555584
1403636587413555456
1403636587463555584
1403636587513555456
1403636587563555584
1403636587613555456
1403636587663555584
1403636587713555456
1403636587763555584
1403636587813555456
1403636587863555584
1403636587913555456
1403636587963555584
1403636588013555456
1403636588063555584
1403636588113555456
1403636588163555584
1403636588213555456
1403636588263555584
1403636588313555456
1403636588363555584
1403636588413555456
1403636588463555584
1403636588513555456
1403636588563555584
1403636588613555456
1403636588663555584
1403636588713555456
1403636588763555584
1403636588813555456
1403636588863555584
1403636588913555456
1403636588963555584
1403636589013555456
1403636589063555584
1403636589113555456
1403636589163555584
1403636589213555456
1403636589263555584
1403636589313555456
1403636589363555584
1403636589413555456
1403636589463555584
1403636589513555456
1403636589563555584
1403636589613555456
1403636589663555584
1403636589713555456
1403636589763555584
1403636589813555456
1403636589863555584
1403636589913555456
1403636589963555584
1403636590013555456
1403636590063555584
1403636590113555456
1403636590163555584
1403636590213555456
1403636590263555584
1403636590313555456
1403636590363555584
1403636590413555456
1403636590463555584
1403636590513555456
1403636590563555584
1403636590613555456
1403636590663555584
1403636590713555456
1403636590763555584
1403636590813555456
1403636590863555584
1403636590913555456
1403636590963555584
1403636591013555456
1403636591063555584
1403636591113555456
1403636591163555584
1403636591213555456
1403636591263555584
1403636591313555456
1403636591363555584
1403636591413555456
1403636591463555584
1403636591513555456
1403636591563555584
1403636591613555456
1403636591663555584
1403636591713555456
1403636591763555584
1403636591813555456
1403636591863555584
1403636591913555456
1403636591963555584
1403636592013555456
1403636592063555584
1403636592113555456
1403636592163555584
1403636592213555456
1403636592263555584
1403636592313555456
1403636592363555584
1403636592413555456
1403636592463555584
1403636592513555456
1403636592563555584
1403636592613555456
1403636592663555584
1403636592713555456
1403636592763555584
1403636592813555456
1403636592863555584
1403636592913555456
1403636592963555584
1403636593013555456
1403636593063555584
1403636593113555456
1403636593163555584
1403636593213555456
1403636593263555584
1403636593313555456
1403636593363555584
1403636593413555456
1403636593463555584
1403636593513555456
1403636593563555584
1403636593613555456
1403636593663555584
1403636593713555456
1403636593763555584
1403636593813555456
1403636593863555584
1403636593913555456
1403636593963555584
1403636594013555456
1403636594063555584
1403636594113555456
1403636594163555584
1403636594213555456
1403636594263555584
1403636594313555456
1403636594363555584
1403636594413555456
1403636594463555584
1403636594513555456
1403636594563555584
1403636594613555456
1403636594663555584
1403636594713555456
1403636594763555584
1403636594813555456
1403636594863555584
1403636594913555456
1403636594963555584
1403636595013555456
1403636595063555584
1403636595113555456
1403636595163555584
1403636595213555456
1403636595263555584
1403636595313555456
1403636595363555584
1403636595413555456
1403636595463555584
1403636595513555456
1403636595563555584
1403636595613555456
1403636595663555584
1403636595713555456
1403636595763555584
1403636595813555456
1403636595863555584
1403636595913555456
1403636595963555584
1403636596013555456
1403636596063555584
1403636596113555456
1403636596163555584
1403636596213555456
1403636596263555584
1403636596313555456
1403636596363555584
1403636596413555456
1403636596463555584
1403636596513555456
1403636596563555584
1403636596613555456
1403636596663555584
1403636596713555456
1403636596763555584
1403636596813555456
1403636596863555584
1403636596913555456
1403636596963555584
1403636597013555456
1403636597063555584
1403636597113555456
1403636597163555584
1403636597213555456
1403636597263555584
1403636597313555456
1403636597363555584
1403636597413555456
1403636597463555584
1403636597513555456
1403636597563555584
1403636597613555456
1403636597663555584
1403636597713555456
1403636597763555584
1403636597813555456
1403636597863555584
1403636597913555456
1403636597963555584
1403636598013555456
1403636598063555584
1403636598113555456
1403636598163555584
1403636598213555456
1403636598263555584
1403636598313555456
1403636598363555584
1403636598413555456
1403636598463555584
1403636598513555456
1403636598563555584
1403636598613555456
1403636598663555584
1403636598713555456
1403636598763555584
1403636598813555456
1403636598863555584
1403636598913555456
1403636598963555584
1403636599013555456
1403636599063555584
1403636599113555456
1403636599163555584
1403636599213555456
1403636599263555584
1403636599313555456
1403636599363555584
1403636599413555456
1403636599463555584
1403636599513555456
1403636599563555584
1403636599613555456
1403636599663555584
1403636599713555456
1403636599763555584
1403636599813555456
1403636599863555584
1403636599913555456
1403636599963555584
1403636600013555456
1403636600063555584
1403636600113555456
1403636600163555584
1403636600213555456
1403636600263555584
1403636600313555456
1403636600363555584
1403636600413555456
1403636600463555584
1403636600513555456
1403636600563555584
1403636600613555456
1403636600663555584
1403636600713555456
1403636600763555584
1403636600813555456
1403636600863555584
1403636600913555456
1403636600963555584
1403636601013555456
1403636601063555584
1403636601113555456
1403636601163555584
1403636601213555456
1403636601263555584
1403636601313555456
1403636601363555584
1403636601413555456
1403636601463555584
1403636601513555456
1403636601563555584
1403636601613555456
1403636601663555584
1403636601713555456
1403636601763555584
1403636601813555456
1403636601863555584
1403636601913555456
1403636601963555584
1403636602013555456
1403636602063555584
1403636602113555456
1403636602163555584
1403636602213555456
1403636602263555584
1403636602313555456
1403636602363555584
1403636602413555456
1403636602463555584
1403636602513555456
1403636602563555584
1403636602613555456
1403636602663555584
1403636602713555456
1403636602763555584
1403636602813555456
1403636602863555584
1403636602913555456
1403636602963555584
1403636603013555456
1403636603063555584
1403636603113555456
1403636603163555584
1403636603213555456
1403636603263555584
1403636603313555456
1403636603363555584
1403636603413555456
1403636603463555584
1403636603513555456
1403636603563555584
1403636603613555456
1403636603663555584
1403636603713555456
1403636603763555584
1403636603813555456
1403636603863555584
1403636603913555456
1403636603963555584
1403636604013555456
1403636604063555584
1403636604113555456
1403636604163555584
1403636604213555456
1403636604263555584
1403636604313555456
1403636604363555584
1403636604413555456
1403636604463555584
1403636604513555456
1403636604563555584
1403636604613555456
1403636604663555584
1403636604713555456
1403636604763555584
1403636604813555456
1403636604863555584
1403636604913555456
1403636604963555584
1403636605013555456
1403636605063555584
1403636605113555456
1403636605163555584
1403636605213555456
1403636605263555584
1403636605313555456
1403636605363555584
1403636605413555456
1403636605463555584
1403636605513555456
1403636605563555584
1403636605613555456
1403636605663555584
1403636605713555456
1403636605763555584
1403636605813555456
1403636605863555584
1403636605913555456
1403636605963555584
1403636606013555456
1403636606063555584
1403636606113555456
1403636606163555584
1403636606213555456
1403636606263555584
1403636606313555456
1403636606363555584
1403636606413555456
1403636606463555584
1403636606513555456
1403636606563555584
1403636606613555456
1403636606663555584
1403636606713555456
1403636606763555584
1403636606813555456
1403636606863555584
1403636606913555456
1403636606963555584
1403636607013555456
1403636607063555584
1403636607113555456
1403636607163555584
1403636607213555456
1403636607263555584
1403636607313555456
1403636607363555584
1403636607413555456
1403636607463555584
1403636607513555456
1403636607563555584
1403636607613555456
1403636607663555584
1403636607713555456
1403636607763555584
1403636607813555456
1403636607863555584
1403636607913555456
1403636607963555584
1403636608013555456
1403636608063555584
1403636608113555456
1403636608163555584
1403636608213555456
1403636608263555584
1403636608313555456
1403636608363555584
1403636608413555456
1403636608463555584
1403636608513555456
1403636608563555584
1403636608613555456
1403636608663555584
1403636608713555456
1403636608763555584
1403636608813555456
1403636608863555584
1403636608913555456
1403636608963555584
1403636609013555456
1403636609063555584
1403636609113555456
1403636609163555584
1403636609213555456
1403636609263555584
1403636609313555456
1403636609363555584
1403636609413555456
1403636609463555584
1403636609513555456
1403636609563555584
1403636609613555456
1403636609663555584
1403636609713555456
1403636609763555584
1403636609813555456
1403636609863555584
1403636609913555456
1403636609963555584
1403636610013555456
1403636610063555584
1403636610113555456
1403636610163555584
1403636610213555456
1403636610263555584
1403636610313555456
1403636610363555584
1403636610413555456
1403636610463555584
1403636610513555456
1403636610563555584
1403636610613555456
1403636610663555584
1403636610713555456
1403636610763555584
1403636610813555456
1403636610863555584
1403636610913555456
1403636610963555584
1403636611013555456
1403636611063555584
1403636611113555456
1403636611163555584
1403636611213555456
1403636611263555584
1403636611313555456
1403636611363555584
1403636611413555456
1403636611463555584
1403636611513555456
1403636611563555584
1403636611613555456
1403636611663555584
1403636611713555456
1403636611763555584
1403636611813555456
1403636611863555584
1403636611913555456
1403636611963555584
1403636612013555456
1403636612063555584
1403636612113555456
1403636612163555584
1403636612213555456
1403636612263555584
1403636612313555456
1403636612363555584
1403636612413555456
1403636612463555584
1403636612513555456
1403636612563555584
1403636612613555456
1403636612663555584
1403636612713555456
1403636612763555584
1403636612813555456
1403636612863555584
1403636612913555456
1403636612963555584
1403636613013555456
1403636613063555584
1403636613113555456
1403636613163555584
1403636613213555456
1403636613263555584
1403636613313555456
1403636613363555584
1403636613413555456
1403636613463555584
1403636613513555456
1403636613563555584
1403636613613555456
1403636613663555584
1403636613713555456
1403636613763555584
1403636613813555456
1403636613863555584
1403636613913555456
1403636613963555584
1403636614013555456
1403636614063555584
1403636614113555456
1403636614163555584
1403636614213555456
1403636614263555584
1403636614313555456
1403636614363555584
1403636614413555456
1403636614463555584
1403636614513555456
1403636614563555584
1403636614613555456
1403636614663555584
1403636614713555456
1403636614763555584
1403636614813555456
1403636614863555584
1403636614913555456
1403636614963555584
1403636615013555456
1403636615063555584
1403636615113555456
1403636615163555584
1403636615213555456
1403636615263555584
1403636615313555456
1403636615363555584
1403636615413555456
1403636615463555584
1403636615513555456
1403636615563555584
1403636615613555456
1403636615663555584
1403636615713555456
1403636615763555584
1403636615813555456
1403636615863555584
1403636615913555456
1403636615963555584
1403636616013555456
1403636616063555584
1403636616113555456
1403636616163555584
1403636616213555456
1403636616263555584
1403636616313555456
1403636616363555584
1403636616413555456
1403636616463555584
1403636616513555456
1403636616563555584
1403636616613555456
1403636616663555584
1403636616713555456
1403636616763555584
1403636616813555456
1403636616863555584
1403636616913555456
1403636616963555584
1403636617013555456
1403636617063555584
1403636617113555456
1403636617163555584
1403636617213555456
1403636617263555584
1403636617313555456
1403636617363555584
1403636617413555456
1403636617463555584
1403636617513555456
1403636617563555584
1403636617613555456
1403636617663555584
1403636617713555456
1403636617763555584
1403636617813555456
1403636617863555584
1403636617913555456
1403636617963555584
1403636618013555456
1403636618063555584
1403636618113555456
1403636618163555584
1403636618213555456
1403636618263555584
1403636618313555456
1403636618363555584
1403636618413555456
1403636618463555584
1403636618513555456
1403636618563555584
1403636618613555456
1403636618663555584
1403636618713555456
1403636618763555584
1403636618813555456
1403636618863555584
1403636618913555456
1403636618963555584
1403636619013555456
1403636619063555584
1403636619113555456
1403636619163555584
1403636619213555456
1403636619263555584
1403636619313555456
1403636619363555584
1403636619413555456
1403636619463555584
1403636619513555456
1403636619563555584
1403636619613555456
1403636619663555584
1403636619713555456
1403636619763555584
1403636619813555456
1403636619863555584
1403636619913555456
1403636619963555584
1403636620013555456
1403636620063555584
1403636620113555456
1403636620163555584
1403636620213555456
1403636620263555584
1403636620313555456
1403636620363555584
1403636620413555456
1403636620463555584
1403636620513555456
1403636620563555584
1403636620613555456
1403636620663555584
1403636620713555456
1403636620763555584
1403636620813555456
1403636620863555584
1403636620913555456
1403636620963555584
1403636621013555456
1403636621063555584
1403636621113555456
1403636621163555584
1403636621213555456
1403636621263555584
1403636621313555456
1403636621363555584
1403636621413555456
1403636621463555584
1403636621513555456
1403636621563555584
1403636621613555456
1403636621663555584
1403636621713555456
1403636621763555584
1403636621813555456
1403636621863555584
1403636621913555456
1403636621963555584
1403636622013555456
1403636622063555584
1403636622113555456
1403636622163555584
1403636622213555456
1403636622263555584
1403636622313555456
1403636622363555584
1403636622413555456
1403636622463555584
1403636622513555456
1403636622563555584
1403636622613555456
1403636622663555584
1403636622713555456
1403636622763555584
1403636622813555456
1403636622863555584
1403636622913555456
1403636622963555584
1403636623013555456
1403636623063555584
1403636623113555456
1403636623163555584
1403636623213555456
1403636623263555584
1403636623313555456
1403636623363555584
1403636623413555456
1403636623463555584
1403636623513555456
1403636623563555584
1403636623613555456
1403636623663555584
1403636623713555456
1403636623763555584
1403636623813555456
1403636623863555584
1403636623913555456
1403636623963555584
1403636624013555456
1403636624063555584
1403636624113555456
1403636624163555584
1403636624213555456
1403636624263555584
1403636624313555456
1403636624363555584
1403636624413555456
1403636624463555584
1403636624513555456
1403636624563555584
1403636624613555456
1403636624663555584
1403636624713555456
1403636624763555584
1403636624813555456
1403636624863555584
1403636624913555456
1403636624963555584
1403636625013555456
1403636625063555584
1403636625113555456
1403636625163555584
1403636625213555456
1403636625263555584
1403636625313555456
1403636625363555584
1403636625413555456
1403636625463555584
1403636625513555456
1403636625563555584
1403636625613555456
1403636625663555584
1403636625713555456
1403636625763555584
1403636625813555456
1403636625863555584
1403636625913555456
1403636625963555584
1403636626013555456
1403636626063555584
1403636626113555456
1403636626163555584
1403636626213555456
1403636626263555584
1403636626313555456
1403636626363555584
1403636626413555456
1403636626463555584
1403636626513555456
1403636626563555584
1403636626613555456
1403636626663555584
1403636626713555456
1403636626763555584
1403636626813555456
1403636626863555584
1403636626913555456
1403636626963555584
1403636627013555456
1403636627063555584
1403636627113555456
1403636627163555584
1403636627213555456
1403636627263555584
1403636627313555456
1403636627363555584
1403636627413555456
1403636627463555584
1403636627513555456
1403636627563555584
1403636627613555456
1403636627663555584
1403636627713555456
1403636627763555584
1403636627813555456
1403636627863555584
1403636627913555456
1403636627963555584
1403636628013555456
1403636628063555584
1403636628113555456
1403636628163555584
1403636628213555456
1403636628263555584
1403636628313555456
1403636628363555584
1403636628413555456
1403636628463555584
1403636628513555456
1403636628563555584
1403636628613555456
1403636628663555584
1403636628713555456
1403636628763555584
1403636628813555456
1403636628863555584
1403636628913555456
1403636628963555584
1403636629013555456
1403636629063555584
1403636629113555456
1403636629163555584
1403636629213555456
1403636629263555584
1403636629313555456
1403636629363555584
1403636629413555456
1403636629463555584
1403636629513555456
1403636629563555584
1403636629613555456
1403636629663555584
1403636629713555456
1403636629763555584
1403636629813555456
1403636629863555584
1403636629913555456
1403636629963555584
1403636630013555456
1403636630063555584
1403636630113555456
1403636630163555584
1403636630213555456
1403636630263555584
1403636630313555456
1403636630363555584
1403636630413555456
1403636630463555584
1403636630513555456
1403636630563555584
1403636630613555456
1403636630663555584
1403636630713555456
1403636630763555584
1403636630813555456
1403636630863555584
1403636630913555456
1403636630963555584
1403636631013555456
1403636631063555584
1403636631113555456
1403636631163555584
1403636631213555456
1403636631263555584
1403636631313555456
1403636631363555584
1403636631413555456
1403636631463555584
1403636631513555456
1403636631563555584
1403636631613555456
1403636631663555584
1403636631713555456
1403636631763555584
1403636631813555456
1403636631863555584
1403636631913555456
1403636631963555584
1403636632013555456
1403636632063555584
1403636632113555456
1403636632163555584
1403636632213555456
1403636632263555584
1403636632313555456
1403636632363555584
1403636632413555456
1403636632463555584
1403636632513555456
1403636632563555584
1403636632613555456
1403636632663555584
1403636632713555456
1403636632763555584
1403636632813555456
1403636632863555584
1403636632913555456
1403636632963555584
1403636633013555456
1403636633063555584
1403636633113555456
1403636633163555584
1403636633213555456
1403636633263555584
1403636633313555456
1403636633363555584
1403636633413555456
1403636633463555584
1403636633513555456
1403636633563555584
1403636633613555456
1403636633663555584
1403636633713555456
1403636633763555584
1403636633813555456
1403636633863555584
1403636633913555456
1403636633963555584
1403636634013555456
1403636634063555584
1403636634113555456
1403636634163555584
1403636634213555456
1403636634263555584
1403636634313555456
1403636634363555584
1403636634413555456
1403636634463555584
1403636634513555456
1403636634563555584
1403636634613555456
1403636634663555584
1403636634713555456
1403636634763555584
1403636634813555456
1403636634863555584
1403636634913555456
1403636634963555584
1403636635013555456
1403636635063555584
1403636635113555456
1403636635163555584
1403636635213555456
1403636635263555584
1403636635313555456
1403636635363555584
1403636635413555456
1403636635463555584
1403636635513555456
1403636635563555584
1403636635613555456
1403636635663555584
1403636635713555456
1403636635763555584
1403636635813555456
1403636635863555584
1403636635913555456
1403636635963555584
1403636636013555456
1403636636063555584
1403636636113555456
1403636636163555584
1403636636213555456
1403636636263555584
1403636636313555456
1403636636363555584
1403636636413555456
1403636636463555584
1403636636513555456
1403636636563555584
1403636636613555456
1403636636663555584
1403636636713555456
1403636636763555584
1403636636813555456
1403636636863555584
1403636636913555456
1403636636963555584
1403636637013555456
1403636637063555584
1403636637113555456
1403636637163555584
1403636637213555456
1403636637263555584
1403636637313555456
1403636637363555584
1403636637413555456
1403636637463555584
1403636637513555456
1403636637563555584
1403636637613555456
1403636637663555584
1403636637713555456
1403636637763555584
1403636637813555456
1403636637863555584
1403636637913555456
1403636637963555584
1403636638013555456
1403636638063555584
1403636638113555456
1403636638163555584
1403636638213555456
1403636638263555584
1403636638313555456
1403636638363555584
1403636638413555456
1403636638463555584
1403636638513555456
1403636638563555584
1403636638613555456
1403636638663555584
1403636638713555456
1403636638763555584
1403636638813555456
1403636638863555584
1403636638913555456
1403636638963555584
1403636639013555456
1403636639063555584
1403636639113555456
1403636639163555584
1403636639213555456
1403636639263555584
1403636639313555456
1403636639363555584
1403636639413555456
1403636639463555584
1403636639513555456
1403636639563555584
1403636639613555456
1403636639663555584
1403636639713555456
1403636639763555584
1403636639813555456
1403636639863555584
1403636639913555456
1403636639963555584
1403636640013555456
1403636640063555584
1403636640113555456
1403636640163555584
1403636640213555456
1403636640263555584
1403636640313555456
1403636640363555584
1403636640413555456
1403636640463555584
1403636640513555456
1403636640563555584
1403636640613555456
1403636640663555584
1403636640713555456
1403636640763555584
1403636640813555456
1403636640863555584
1403636640913555456
1403636640963555584
1403636641013555456
1403636641063555584
1403636641113555456
1403636641163555584
1403636641213555456
1403636641263555584
1403636641313555456
1403636641363555584
1403636641413555456
1403636641463555584
1403636641513555456
1403636641563555584
1403636641613555456
1403636641663555584
1403636641713555456
1403636641763555584
1403636641813555456
1403636641863555584
1403636641913555456
1403636641963555584
1403636642013555456
1403636642063555584
1403636642113555456
1403636642163555584
1403636642213555456
1403636642263555584
1403636642313555456
1403636642363555584
1403636642413555456
1403636642463555584
1403636642513555456
1403636642563555584
1403636642613555456
1403636642663555584
1403636642713555456
1403636642763555584
1403636642813555456
1403636642863555584
1403636642913555456
1403636642963555584
1403636643013555456
1403636643063555584
1403636643113555456
1403636643163555584
1403636643213555456
1403636643263555584
1403636643313555456
1403636643363555584
1403636643413555456
1403636643463555584
1403636643513555456
1403636643563555584
1403636643613555456
1403636643663555584
1403636643713555456
1403636643763555584
1403636643813555456
1403636643863555584
1403636643913555456
1403636643963555584
1403636644013555456
1403636644063555584
1403636644113555456
1403636644163555584
1403636644213555456
1403636644263555584
1403636644313555456
1403636644363555584
1403636644413555456
1403636644463555584
1403636644513555456
1403636644563555584
1403636644613555456
1403636644663555584
1403636644713555456
1403636644763555584
1403636644813555456
1403636644863555584
1403636644913555456
1403636644963555584
1403636645013555456
1403636645063555584
1403636645113555456
1403636645163555584
1403636645213555456
1403636645263555584
1403636645313555456
1403636645363555584
1403636645413555456
1403636645463555584
1403636645513555456
1403636645563555584
1403636645613555456
1403636645663555584
1403636645713555456
1403636645763555584
1403636645813555456
1403636645863555584
1403636645913555456
1403636645963555584
1403636646013555456
1403636646063555584
1403636646113555456
1403636646163555584
1403636646213555456
1403636646263555584
1403636646313555456
1403636646363555584
1403636646413555456
1403636646463555584
1403636646513555456
1403636646563555584
1403636646613555456
1403636646663555584
1403636646713555456
1403636646763555584
1403636646813555456
1403636646863555584
1403636646913555456
1403636646963555584
1403636647013555456
1403636647063555584
1403636647113555456
1403636647163555584
1403636647213555456
1403636647263555584
1403636647313555456
1403636647363555584
1403636647413555456
1403636647463555584
1403636647513555456
1403636647563555584
1403636647613555456
1403636647663555584
1403636647713555456
1403636647763555584
1403636647813555456
1403636647863555584
1403636647913555456
1403636647963555584
1403636648013555456
1403636648063555584
1403636648113555456
1403636648163555584
1403636648213555456
1403636648263555584
1403636648313555456
1403636648363555584
1403636648413555456
1403636648463555584
1403636648513555456
1403636648563555584
1403636648613555456
1403636648663555584
1403636648713555456
1403636648763555584
1403636648813555456
1403636648863555584
1403636648913555456
1403636648963555584
1403636649013555456
1403636649063555584
1403636649113555456
1403636649163555584
1403636649213555456
1403636649263555584
1403636649313555456
1403636649363555584
1403636649413555456
1403636649463555584
1403636649513555456
1403636649563555584
1403636649613555456
1403636649663555584
1403636649713555456
1403636649763555584
1403636649813555456
1403636649863555584
1403636649913555456
1403636649963555584
1403636650013555456
1403636650063555584
1403636650113555456
1403636650163555584
1403636650213555456
1403636650263555584
1403636650313555456
1403636650363555584
1403636650413555456
1403636650463555584
1403636650513555456
1403636650563555584
1403636650613555456
1403636650663555584
1403636650713555456
1403636650763555584
1403636650813555456
1403636650863555584
1403636650913555456
1403636650963555584
1403636651013555456
1403636651063555584
1403636651113555456
1403636651163555584
1403636651213555456
1403636651263555584
1403636651313555456
1403636651363555584
1403636651413555456
1403636651463555584
1403636651513555456
1403636651563555584
1403636651613555456
1403636651663555584
1403636651713555456
1403636651763555584
1403636651813555456
1403636651863555584
1403636651913555456
1403636651963555584
1403636652013555456
1403636652063555584
1403636652113555456
1403636652163555584
1403636652213555456
1403636652263555584
1403636652313555456
1403636652363555584
1403636652413555456
1403636652463555584
1403636652513555456
1403636652563555584
1403636652613555456
1403636652663555584
1403636652713555456
1403636652763555584
1403636652813555456
1403636652863555584
1403636652913555456
1403636652963555584
1403636653013555456
1403636653063555584
1403636653113555456
1403636653163555584
1403636653213555456
1403636653263555584
1403636653313555456
1403636653363555584
1403636653413555456
1403636653463555584
1403636653513555456
1403636653563555584
1403636653613555456
1403636653663555584
1403636653713555456
1403636653763555584
1403636653813555456
1403636653863555584
1403636653913555456
1403636653963555584
1403636654013555456
1403636654063555584
1403636654113555456
1403636654163555584
1403636654213555456
1403636654263555584
1403636654313555456
1403636654363555584
1403636654413555456
1403636654463555584
1403636654513555456
1403636654563555584
1403636654613555456
1403636654663555584
1403636654713555456
1403636654763555584
1403636654813555456
1403636654863555584
1403636654913555456
1403636654963555584
1403636655013555456
1403636655063555584
1403636655113555456
1403636655163555584
1403636655213555456
1403636655263555584
1403636655313555456
1403636655363555584
1403636655413555456
1403636655463555584
1403636655513555456
1403636655563555584
1403636655613555456
1403636655663555584
1403636655713555456
1403636655763555584
1403636655813555456
1403636655863555584
1403636655913555456
1403636655963555584
1403636656013555456
1403636656063555584
1403636656113555456
1403636656163555584
1403636656213555456
1403636656263555584
1403636656313555456
1403636656363555584
1403636656413555456
1403636656463555584
1403636656513555456
1403636656563555584
1403636656613555456
1403636656663555584
1403636656713555456
1403636656763555584
1403636656813555456
1403636656863555584
1403636656913555456
1403636656963555584
1403636657013555456
1403636657063555584
1403636657113555456
1403636657163555584
1403636657213555456
1403636657263555584
1403636657313555456
1403636657363555584
1403636657413555456
1403636657463555584
1403636657513555456
1403636657563555584
1403636657613555456
1403636657663555584
1403636657713555456
1403636657763555584
1403636657813555456
1403636657863555584
1403636657913555456
1403636657963555584
1403636658013555456
1403636658063555584
1403636658113555456
1403636658163555584
1403636658213555456
1403636658263555584
1403636658313555456
1403636658363555584
1403636658413555456
1403636658463555584
1403636658513555456
1403636658563555584
1403636658613555456
1403636658663555584
1403636658713555456
1403636658763555584
1403636658813555456
1403636658863555584
1403636658913555456
1403636658963555584
1403636659013555456
1403636659063555584
1403636659113555456
1403636659163555584
1403636659213555456
1403636659263555584
1403636659313555456
1403636659363555584
1403636659413555456
1403636659463555584
1403636659513555456
1403636659563555584
1403636659613555456
1403636659663555584
1403636659713555456
1403636659763555584
1403636659813555456
1403636659863555584
1403636659913555456
1403636659963555584
1403636660013555456
1403636660063555584
1403636660113555456
1403636660163555584
1403636660213555456
1403636660263555584
1403636660313555456
1403636660363555584
1403636660413555456
1403636660463555584
1403636660513555456
1403636660563555584
1403636660613555456
1403636660663555584
1403636660713555456
1403636660763555584
1403636660813555456
1403636660863555584
1403636660913555456
1403636660963555584
1403636661013555456
1403636661063555584
1403636661113555456
1403636661163555584
1403636661213555456
1403636661263555584
1403636661313555456
1403636661363555584
1403636661413555456
1403636661463555584
1403636661513555456
1403636661563555584
1403636661613555456
1403636661663555584
1403636661713555456
1403636661763555584
1403636661813555456
1403636661863555584
1403636661913555456
1403636661963555584
1403636662013555456
1403636662063555584
1403636662113555456
1403636662163555584
1403636662213555456
1403636662263555584
1403636662313555456
1403636662363555584
1403636662413555456
1403636662463555584
1403636662513555456
1403636662563555584
1403636662613555456
1403636662663555584
1403636662713555456
1403636662763555584
1403636662813555456
1403636662863555584
1403636662913555456
1403636662963555584
1403636663013555456
1403636663063555584
1403636663113555456
1403636663163555584
1403636663213555456
1403636663263555584
1403636663313555456
1403636663363555584
1403636663413555456
1403636663463555584
1403636663513555456
1403636663563555584
1403636663613555456
1403636663663555584
1403636663713555456
1403636663763555584
1403636663813555456
1403636663863555584
1403636663913555456
1403636663963555584
1403636664013555456
1403636664063555584
1403636664113555456
1403636664163555584
1403636664213555456
1403636664263555584
1403636664313555456
1403636664363555584
1403636664413555456
1403636664463555584
1403636664513555456
1403636664563555584
1403636664613555456
1403636664663555584
1403636664713555456
1403636664763555584
1403636664813555456
1403636664863555584
1403636664913555456
1403636664963555584
1403636665013555456
1403636665063555584
1403636665113555456
1403636665163555584
1403636665213555456
1403636665263555584
1403636665313555456
1403636665363555584
1403636665413555456
1403636665463555584
1403636665513555456
1403636665563555584
1403636665613555456
1403636665663555584
1403636665713555456
1403636665763555584
1403636665813555456
1403636665863555584
1403636665913555456
1403636665963555584
1403636666013555456
1403636666063555584
1403636666113555456
1403636666163555584
1403636666213555456
1403636666263555584
1403636666313555456
1403636666363555584
1403636666413555456
1403636666463555584
1403636666513555456
1403636666563555584
1403636666613555456
1403636666663555584
1403636666713555456
1403636666763555584
1403636666813555456
1403636666863555584
1403636666913555456
1403636666963555584
1403636667013555456
1403636667063555584
1403636667113555456
1403636667163555584
1403636667213555456
1403636667263555584
1403636667313555456
1403636667363555584
1403636667413555456
1403636667463555584
1403636667513555456
1403636667563555584
1403636667613555456
1403636667663555584
1403636667713555456
1403636667763555584
1403636667813555456
1403636667863555584
1403636667913555456
1403636667963555584
1403636668013555456
1403636668063555584
1403636668113555456
1403636668163555584
1403636668213555456
1403636668263555584
1403636668313555456
1403636668363555584
1403636668413555456
1403636668463555584
1403636668513555456
1403636668563555584
1403636668613555456
1403636668663555584
1403636668713555456
1403636668763555584
1403636668813555456
1403636668863555584
1403636668913555456
1403636668963555584
1403636669013555456
1403636669063555584
1403636669113555456
1403636669163555584
1403636669213555456
1403636669263555584
1403636669313555456
1403636669363555584
1403636669413555456
1403636669463555584
1403636669513555456
1403636669563555584
1403636669613555456
1403636669663555584
1403636669713555456
1403636669763555584
1403636669813555456
1403636669863555584
1403636669913555456
1403636669963555584
1403636670013555456
1403636670063555584
1403636670113555456
1403636670163555584
1403636670213555456
1403636670263555584
1403636670313555456
1403636670363555584
1403636670413555456
1403636670463555584
1403636670513555456
1403636670563555584
1403636670613555456
1403636670663555584
1403636670713555456
1403636670763555584
1403636670813555456
1403636670863555584
1403636670913555456
1403636670963555584
1403636671013555456
1403636671063555584
1403636671113555456
1403636671163555584
1403636671213555456
1403636671263555584
1403636671313555456
1403636671363555584
1403636671413555456
1403636671463555584
1403636671513555456
1403636671563555584
1403636671613555456
1403636671663555584
1403636671713555456
1403636671763555584
1403636671813555456
1403636671863555584
1403636671913555456
1403636671963555584
1403636672013555456
1403636672063555584
1403636672113555456
1403636672163555584
1403636672213555456
1403636672263555584
1403636672313555456
1403636672363555584
1403636672413555456
1403636672463555584
1403636672513555456
1403636672563555584
1403636672613555456
1403636672663555584
1403636672713555456
1403636672763555584
1403636672813555456
1403636672863555584
1403636672913555456
1403636672963555584
1403636673013555456
1403636673063555584
1403636673113555456
1403636673163555584
1403636673213555456
1403636673263555584
1403636673313555456
1403636673363555584
1403636673413555456
1403636673463555584
1403636673513555456
1403636673563555584
1403636673613555456
1403636673663555584
1403636673713555456
1403636673763555584
1403636673813555456
1403636673863555584
1403636673913555456
1403636673963555584
1403636674013555456
1403636674063555584
1403636674113555456
1403636674163555584
1403636674213555456
1403636674263555584
1403636674313555456
1403636674363555584
1403636674413555456
1403636674463555584
1403636674513555456
1403636674563555584
1403636674613555456
1403636674663555584
1403636674713555456
1403636674763555584
1403636674813555456
1403636674863555584
1403636674913555456
1403636674963555584
1403636675013555456
1403636675063555584
1403636675113555456
1403636675163555584
1403636675213555456
1403636675263555584
1403636675313555456
1403636675363555584
1403636675413555456
1403636675463555584
1403636675513555456
1403636675563555584
1403636675613555456
1403636675663555584
1403636675713555456
1403636675763555584
1403636675813555456
1403636675863555584
1403636675913555456
1403636675963555584
1403636676013555456
1403636676063555584
1403636676113555456
1403636676163555584
1403636676213555456
1403636676263555584
1403636676313555456
1403636676363555584
1403636676413555456
1403636676463555584
1403636676513555456
1403636676563555584
1403636676613555456
1403636676663555584
1403636676713555456
1403636676763555584
1403636676813555456
1403636676863555584
1403636676913555456
1403636676963555584
1403636677013555456
1403636677063555584
1403636677113555456
1403636677163555584
1403636677213555456
1403636677263555584
1403636677313555456
1403636677363555584
1403636677413555456
1403636677463555584
1403636677513555456
1403636677563555584
1403636677613555456
1403636677663555584
1403636677713555456
1403636677763555584
1403636677813555456
1403636677863555584
1403636677913555456
1403636677963555584
1403636678013555456
1403636678063555584
1403636678113555456
1403636678163555584
1403636678213555456
1403636678263555584
1403636678313555456
1403636678363555584
1403636678413555456
1403636678463555584
1403636678513555456
1403636678563555584
1403636678613555456
1403636678663555584
1403636678713555456
1403636678763555584
1403636678813555456
1403636678863555584
1403636678913555456
1403636678963555584
1403636679013555456
1403636679063555584
1403636679113555456
1403636679163555584
1403636679213555456
1403636679263555584
1403636679313555456
1403636679363555584
1403636679413555456
1403636679463555584
1403636679513555456
1403636679563555584
1403636679613555456
1403636679663555584
1403636679713555456
1403636679763555584
1403636679813555456
1403636679863555584
1403636679913555456
1403636679963555584
1403636680013555456
1403636680063555584
1403636680113555456
1403636680163555584
1403636680213555456
1403636680263555584
1403636680313555456
1403636680363555584
1403636680413555456
1403636680463555584
1403636680513555456
1403636680563555584
1403636680613555456
1403636680663555584
1403636680713555456
1403636680763555584
1403636680813555456
1403636680863555584
1403636680913555456
1403636680963555584
1403636681013555456
1403636681063555584
1403636681113555456
1403636681163555584
1403636681213555456
1403636681263555584
1403636681313555456
1403636681363555584
1403636681413555456
1403636681463555584
1403636681513555456
1403636681563555584
1403636681613555456
1403636681663555584
1403636681713555456
1403636681763555584
1403636681813555456
1403636681863555584
1403636681913555456
1403636681963555584
1403636682013555456
1403636682063555584
1403636682113555456
1403636682163555584
1403636682213555456
1403636682263555584
1403636682313555456
1403636682363555584
1403636682413555456
1403636682463555584
1403636682513555456
1403636682563555584
1403636682613555456
1403636682663555584
1403636682713555456
1403636682763555584
1403636682813555456
1403636682863555584
1403636682913555456
1403636682963555584
1403636683013555456
1403636683063555584
1403636683113555456
1403636683163555584
1403636683213555456
1403636683263555584
1403636683313555456
1403636683363555584
1403636683413555456
1403636683463555584
1403636683513555456
1403636683563555584
1403636683613555456
1403636683663555584
1403636683713555456
1403636683763555584
1403636683813555456
1403636683863555584
1403636683913555456
1403636683963555584
1403636684013555456
1403636684063555584
1403636684113555456
1403636684163555584
1403636684213555456
1403636684263555584
1403636684313555456
1403636684363555584
1403636684413555456
1403636684463555584
1403636684513555456
1403636684563555584
1403636684613555456
1403636684663555584
1403636684713555456
1403636684763555584
1403636684813555456
1403636684863555584
1403636684913555456
1403636684963555584
1403636685013555456
1403636685063555584
1403636685113555456
1403636685163555584
1403636685213555456
1403636685263555584
1403636685313555456
1403636685363555584
1403636685413555456
1403636685463555584
1403636685513555456
1403636685563555584
1403636685613555456
1403636685663555584
1403636685713555456
1403636685763555584
1403636685813555456
1403636685863555584
1403636685913555456
1403636685963555584
1403636686013555456
1403636686063555584
1403636686113555456
1403636686163555584
1403636686213555456
1403636686263555584
1403636686313555456
1403636686363555584
1403636686413555456
1403636686463555584
1403636686513555456
1403636686563555584
1403636686613555456
1403636686663555584
1403636686713555456
1403636686763555584
1403636686813555456
1403636686863555584
1403636686913555456
1403636686963555584
1403636687013555456
1403636687063555584
1403636687113555456
1403636687163555584
1403636687213555456
1403636687263555584
1403636687313555456
1403636687363555584
1403636687413555456
1403636687463555584
1403636687513555456
1403636687563555584
1403636687613555456
1403636687663555584
1403636687713555456
1403636687763555584
1403636687813555456
1403636687863555584
1403636687913555456
1403636687963555584
1403636688013555456
1403636688063555584
1403636688113555456
1403636688163555584
1403636688213555456
1403636688263555584
1403636688313555456
1403636688363555584
1403636688413555456
1403636688463555584
1403636688513555456
1403636688563555584
1403636688613555456
1403636688663555584
1403636688713555456
1403636688763555584
1403636688813555456
1403636688863555584
1403636688913555456
1403636688963555584
1403636689013555456
1403636689063555584
1403636689113555456
1403636689163555584
1403636689213555456
1403636689263555584
1403636689313555456
1403636689363555584
1403636689413555456
1403636689463555584
1403636689513555456
1403636689563555584
1403636689613555456
1403636689663555584
1403636689713555456
1403636689763555584
1403636689813555456
1403636689863555584
1403636689913555456
1403636689963555584
1403636690013555456
1403636690063555584
1403636690113555456
1403636690163555584
1403636690213555456
1403636690263555584
1403636690313555456
1403636690363555584
1403636690413555456
1403636690463555584
1403636690513555456
1403636690563555584
1403636690613555456
1403636690663555584
1403636690713555456
1403636690763555584
1403636690813555456
1403636690863555584
1403636690913555456
1403636690963555584
1403636691013555456
1403636691063555584
1403636691113555456
1403636691163555584
1403636691213555456
1403636691263555584
1403636691313555456
1403636691363555584
1403636691413555456
1403636691463555584
1403636691513555456
1403636691563555584
1403636691613555456
1403636691663555584
1403636691713555456
1403636691763555584
1403636691813555456
1403636691863555584
1403636691913555456
1403636691963555584
1403636692013555456
1403636692063555584
1403636692113555456
1403636692163555584
1403636692213555456
1403636692263555584
1403636692313555456
1403636692363555584
1403636692413555456
1403636692463555584
1403636692513555456
1403636692563555584
1403636692613555456
1403636692663555584
1403636692713555456
1403636692763555584
1403636692813555456
1403636692863555584
1403636692913555456
1403636692963555584
1403636693013555456
1403636693063555584
1403636693113555456
1403636693163555584
1403636693213555456
1403636693263555584
1403636693313555456
1403636693363555584
1403636693413555456
1403636693463555584
1403636693513555456
1403636693563555584
1403636693613555456
1403636693663555584
1403636693713555456
1403636693763555584
1403636693813555456
1403636693863555584
1403636693913555456
1403636693963555584
1403636694013555456
1403636694063555584
1403636694113555456
1403636694163555584
1403636694213555456
1403636694263555584
1403636694313555456
1403636694363555584
1403636694413555456
1403636694463555584
1403636694513555456
1403636694563555584
1403636694613555456
1403636694663555584
1403636694713555456
1403636694763555584
1403636694813555456
1403636694863555584
1403636694913555456
1403636694963555584
1403636695013555456
1403636695063555584
1403636695113555456
1403636695163555584
1403636695213555456
1403636695263555584
1403636695313555456
1403636695363555584
1403636695413555456
1403636695463555584
1403636695513555456
1403636695563555584
1403636695613555456
1403636695663555584
1403636695713555456
1403636695763555584
1403636695813555456
1403636695863555584
1403636695913555456
1403636695963555584
1403636696013555456
1403636696063555584
1403636696113555456
1403636696163555584
1403636696213555456
1403636696263555584
1403636696313555456
1403636696363555584
1403636696413555456
1403636696463555584
1403636696513555456
1403636696563555584
1403636696613555456
1403636696663555584
1403636696713555456
1403636696763555584
1403636696813555456
1403636696863555584
1403636696913555456
1403636696963555584
1403636697013555456
1403636697063555584
1403636697113555456
1403636697163555584
1403636697213555456
1403636697263555584
1403636697313555456
1403636697363555584
1403636697413555456
1403636697463555584
1403636697513555456
1403636697563555584
1403636697613555456
1403636697663555584
1403636697713555456
1403636697763555584
1403636697813555456
1403636697863555584
1403636697913555456
1403636697963555584
1403636698013555456
1403636698063555584
1403636698113555456
1403636698163555584
1403636698213555456
1403636698263555584
1403636698313555456
1403636698363555584
1403636698413555456
1403636698463555584
1403636698513555456
1403636698563555584
1403636698613555456
1403636698663555584
1403636698713555456
1403636698763555584
1403636698813555456
1403636698863555584
1403636698913555456
1403636698963555584
1403636699013555456
1403636699063555584
1403636699113555456
1403636699163555584
1403636699213555456
1403636699263555584
1403636699313555456
1403636699363555584
1403636699413555456
1403636699463555584
1403636699513555456
1403636699563555584
1403636699613555456
1403636699663555584
1403636699713555456
1403636699763555584
1403636699813555456
1403636699863555584
1403636699913555456
1403636699963555584
1403636700013555456
1403636700063555584
1403636700113555456
1403636700163555584
1403636700213555456
1403636700263555584
1403636700313555456
1403636700363555584
1403636700413555456
1403636700463555584
1403636700513555456
1403636700563555584
1403636700613555456
1403636700663555584
1403636700713555456
1403636700763555584
1403636700813555456
1403636700863555584
1403636700913555456
1403636700963555584
1403636701013555456
1403636701063555584
1403636701113555456
1403636701163555584
1403636701213555456
1403636701263555584
1403636701313555456
1403636701363555584
1403636701413555456
1403636701463555584
1403636701513555456
1403636701563555584
1403636701613555456
1403636701663555584
1403636701713555456
1403636701763555584
1403636701813555456
1403636701863555584
1403636701913555456
1403636701963555584
1403636702013555456
1403636702063555584
1403636702113555456
1403636702163555584
1403636702213555456
1403636702263555584
1403636702313555456
1403636702363555584
1403636702413555456
1403636702463555584
1403636702513555456
1403636702563555584
1403636702613555456
1403636702663555584
1403636702713555456
1403636702763555584
1403636702813555456
1403636702863555584
1403636702913555456
1403636702963555584
1403636703013555456
1403636703063555584
1403636703113555456
1403636703163555584
1403636703213555456
1403636703263555584
1403636703313555456
1403636703363555584
1403636703413555456
1403636703463555584
1403636703513555456
1403636703563555584
1403636703613555456
1403636703663555584
1403636703713555456
1403636703763555584
1403636703813555456
1403636703863555584
1403636703913555456
1403636703963555584
1403636704013555456
1403636704063555584
1403636704113555456
1403636704163555584
1403636704213555456
1403636704263555584
1403636704313555456
1403636704363555584
1403636704413555456
1403636704463555584
1403636704513555456
1403636704563555584
1403636704613555456
1403636704663555584
1403636704713555456
1403636704763555584
1403636704813555456
1403636704863555584
1403636704913555456
1403636704963555584
1403636705013555456
1403636705063555584
1403636705113555456
1403636705163555584
1403636705213555456
1403636705263555584
1403636705313555456
1403636705363555584
1403636705413555456
1403636705463555584
1403636705513555456
1403636705563555584
1403636705613555456
1403636705663555584
1403636705713555456
1403636705763555584
1403636705813555456
1403636705863555584
1403636705913555456
1403636705963555584
1403636706013555456
1403636706063555584
1403636706113555456
1403636706163555584
1403636706213555456
1403636706263555584
1403636706313555456
1403636706363555584
1403636706413555456
1403636706463555584
1403636706513555456
1403636706563555584
1403636706613555456
1403636706663555584
1403636706713555456
1403636706763555584
1403636706813555456
1403636706863555584
1403636706913555456
1403636706963555584
1403636707013555456
1403636707063555584
1403636707113555456
1403636707163555584
1403636707213555456
1403636707263555584
1403636707313555456
1403636707363555584
1403636707413555456
1403636707463555584
1403636707513555456
1403636707563555584
1403636707613555456
1403636707663555584
1403636707713555456
1403636707763555584
1403636707813555456
1403636707863555584
1403636707913555456
1403636707963555584
1403636708013555456
1403636708063555584
1403636708113555456
1403636708163555584
1403636708213555456
1403636708263555584
1403636708313555456
1403636708363555584
1403636708413555456
1403636708463555584
1403636708513555456
1403636708563555584
1403636708613555456
1403636708663555584
1403636708713555456
1403636708763555584
1403636708813555456
1403636708863555584
1403636708913555456
1403636708963555584
1403636709013555456
1403636709063555584
1403636709113555456
1403636709163555584
1403636709213555456
1403636709263555584
1403636709313555456
1403636709363555584
1403636709413555456
1403636709463555584
1403636709513555456
1403636709563555584
1403636709613555456
1403636709663555584
1403636709713555456
1403636709763555584
1403636709813555456
1403636709863555584
1403636709913555456
1403636709963555584
1403636710013555456
1403636710063555584
1403636710113555456
1403636710163555584
1403636710213555456
1403636710263555584
1403636710313555456
1403636710363555584
1403636710413555456
1403636710463555584
1403636710513555456
1403636710563555584
1403636710613555456
1403636710663555584
1403636710713555456
1403636710763555584
1403636710813555456
1403636710863555584
1403636710913555456
1403636710963555584
1403636711013555456
1403636711063555584
1403636711113555456
1403636711163555584
1403636711213555456
1403636711263555584
1403636711313555456
1403636711363555584
1403636711413555456
1403636711463555584
1403636711513555456
1403636711563555584
1403636711613555456
1403636711663555584
1403636711713555456
1403636711763555584
1403636711813555456
1403636711863555584
1403636711913555456
1403636711963555584
1403636712013555456
1403636712063555584
1403636712113555456
1403636712163555584
1403636712213555456
1403636712263555584
1403636712313555456
1403636712363555584
1403636712413555456
1403636712463555584
1403636712513555456
1403636712563555584
1403636712613555456
1403636712663555584
1403636712713555456
1403636712763555584
1403636712813555456
1403636712863555584
1403636712913555456
1403636712963555584
1403636713013555456
1403636713063555584
1403636713113555456
1403636713163555584
1403636713213555456
1403636713263555584
1403636713313555456
1403636713363555584
1403636713413555456
1403636713463555584
1403636713513555456
1403636713563555584
1403636713613555456
1403636713663555584
1403636713713555456
1403636713763555584
1403636713813555456
1403636713863555584
1403636713913555456
1403636713963555584
1403636714013555456
1403636714063555584
1403636714113555456
1403636714163555584
1403636714213555456
1403636714263555584
1403636714313555456
1403636714363555584
1403636714413555456
1403636714463555584
1403636714513555456
1403636714563555584
1403636714613555456
1403636714663555584
1403636714713555456
1403636714763555584
1403636714813555456
1403636714863555584
1403636714913555456
1403636714963555584
1403636715013555456
1403636715063555584
1403636715113555456
1403636715163555584
1403636715213555456
1403636715263555584
1403636715313555456
1403636715363555584
1403636715413555456
1403636715463555584
1403636715513555456
1403636715563555584
1403636715613555456
1403636715663555584
1403636715713555456
1403636715763555584
1403636715813555456
1403636715863555584
1403636715913555456
1403636715963555584
1403636716013555456
1403636716063555584
1403636716113555456
1403636716163555584
1403636716213555456
1403636716263555584
1403636716313555456
1403636716363555584
1403636716413555456
1403636716463555584
1403636716513555456
1403636716563555584
1403636716613555456
1403636716663555584
1403636716713555456
1403636716763555584
1403636716813555456
1403636716863555584
1403636716913555456
1403636716963555584
1403636717013555456
1403636717063555584
1403636717113555456
1403636717163555584
1403636717213555456
1403636717263555584
1403636717313555456
1403636717363555584
1403636717413555456
1403636717463555584
1403636717513555456
1403636717563555584
1403636717613555456
1403636717663555584
1403636717713555456
1403636717763555584
1403636717813555456
1403636717863555584
1403636717913555456
1403636717963555584
1403636718013555456
1403636718063555584
1403636718113555456
1403636718163555584
1403636718213555456
1403636718263555584
1403636718313555456
1403636718363555584
1403636718413555456
1403636718463555584
1403636718513555456
1403636718563555584
1403636718613555456
1403636718663555584
1403636718713555456
1403636718763555584
1403636718813555456
1403636718863555584
1403636718913555456
1403636718963555584
1403636719013555456
1403636719063555584
1403636719113555456
1403636719163555584
1403636719213555456
1403636719263555584
1403636719313555456
1403636719363555584
1403636719413555456
1403636719463555584
1403636719513555456
1403636719563555584
1403636719613555456
1403636719663555584
1403636719713555456
1403636719763555584
1403636719813555456
1403636719863555584
1403636719913555456
1403636719963555584
1403636720013555456
1403636720063555584
1403636720113555456
1403636720163555584
1403636720213555456
1403636720263555584
1403636720313555456
1403636720363555584
1403636720413555456
1403636720463555584
1403636720513555456
1403636720563555584
1403636720613555456
1403636720663555584
1403636720713555456
1403636720763555584
1403636720813555456
1403636720863555584
1403636720913555456
1403636720963555584
1403636721013555456
1403636721063555584
1403636721113555456
1403636721163555584
1403636721213555456
1403636721263555584
1403636721313555456
1403636721363555584
1403636721413555456
1403636721463555584
1403636721513555456
1403636721563555584
1403636721613555456
1403636721663555584
1403636721713555456
1403636721763555584
1403636721813555456
1403636721863555584
1403636721913555456
1403636721963555584
1403636722013555456
1403636722063555584
1403636722113555456
1403636722163555584
1403636722213555456
1403636722263555584
1403636722313555456
1403636722363555584
1403636722413555456
1403636722463555584
1403636722513555456
1403636722563555584
1403636722613555456
1403636722663555584
1403636722713555456
1403636722763555584
1403636722813555456
1403636722863555584
1403636722913555456
1403636722963555584
1403636723013555456
1403636723063555584
1403636723113555456
1403636723163555584
1403636723213555456
1403636723263555584
1403636723313555456
1403636723363555584
1403636723413555456
1403636723463555584
1403636723513555456
1403636723563555584
1403636723613555456
1403636723663555584
1403636723713555456
1403636723763555584
1403636723813555456
1403636723863555584
1403636723913555456
1403636723963555584
1403636724013555456
1403636724063555584
1403636724113555456
1403636724163555584
1403636724213555456
1403636724263555584
1403636724313555456
1403636724363555584
1403636724413555456
1403636724463555584
1403636724513555456
1403636724563555584
1403636724613555456
1403636724663555584
1403636724713555456
1403636724763555584
1403636724813555456
1403636724863555584
1403636724913555456
1403636724963555584
1403636725013555456
1403636725063555584
1403636725113555456
1403636725163555584
1403636725213555456
1403636725263555584
1403636725313555456
1403636725363555584
1403636725413555456
1403636725463555584
1403636725513555456
1403636725563555584
1403636725613555456
1403636725663555584
1403636725713555456
1403636725763555584
1403636725813555456
1403636725863555584
1403636725913555456
1403636725963555584
1403636726013555456
1403636726063555584
1403636726113555456
1403636726163555584
1403636726213555456
1403636726263555584
1403636726313555456
1403636726363555584
1403636726413555456
1403636726463555584
1403636726513555456
1403636726563555584
1403636726613555456
1403636726663555584
1403636726713555456
1403636726763555584
1403636726813555456
1403636726863555584
1403636726913555456
1403636726963555584
1403636727013555456
1403636727063555584
1403636727113555456
1403636727163555584
1403636727213555456
1403636727263555584
1403636727313555456
1403636727363555584
1403636727413555456
1403636727463555584
1403636727513555456
1403636727563555584
1403636727613555456
1403636727663555584
1403636727713555456
1403636727763555584
1403636727813555456
1403636727863555584
1403636727913555456
1403636727963555584
1403636728013555456
1403636728063555584
1403636728113555456
1403636728163555584
1403636728213555456
1403636728263555584
1403636728313555456
1403636728363555584
1403636728413555456
1403636728463555584
1403636728513555456
1403636728563555584
1403636728613555456
1403636728663555584
1403636728713555456
1403636728763555584
1403636728813555456
1403636728863555584
1403636728913555456
1403636728963555584
1403636729013555456
1403636729063555584
1403636729113555456
1403636729163555584
1403636729213555456
1403636729263555584
1403636729313555456
1403636729363555584
1403636729413555456
1403636729463555584
1403636729513555456
1403636729563555584
1403636729613555456
1403636729663555584
1403636729713555456
1403636729763555584
1403636729813555456
1403636729863555584
1403636729913555456
1403636729963555584
1403636730013555456
1403636730063555584
1403636730113555456
1403636730163555584
1403636730213555456
1403636730263555584
1403636730313555456
1403636730363555584
1403636730413555456
1403636730463555584
1403636730513555456
1403636730563555584
1403636730613555456
1403636730663555584
1403636730713555456
1403636730763555584
1403636730813555456
1403636730863555584
1403636730913555456
1403636730963555584
1403636731013555456
1403636731063555584
1403636731113555456
1403636731163555584
1403636731213555456
1403636731263555584
1403636731313555456
1403636731363555584
1403636731413555456
1403636731463555584
1403636731513555456
1403636731563555584
1403636731613555456
1403636731663555584
1403636731713555456
1403636731763555584
1403636731813555456
1403636731863555584
1403636731913555456
1403636731963555584
1403636732013555456
1403636732063555584
1403636732113555456
1403636732163555584
1403636732213555456
1403636732263555584
1403636732313555456
1403636732363555584
1403636732413555456
1403636732463555584
1403636732513555456
1403636732563555584
1403636732613555456
1403636732663555584
1403636732713555456
1403636732763555584
1403636732813555456
1403636732863555584
1403636732913555456
1403636732963555584
1403636733013555456
1403636733063555584
1403636733113555456
1403636733163555584
1403636733213555456
1403636733263555584
1403636733313555456
1403636733363555584
1403636733413555456
1403636733463555584
1403636733513555456
1403636733563555584
1403636733613555456
1403636733663555584
1403636733713555456
1403636733763555584
1403636733813555456
1403636733863555584
1403636733913555456
1403636733963555584
1403636734013555456
1403636734063555584
1403636734113555456
1403636734163555584
1403636734213555456
1403636734263555584
1403636734313555456
1403636734363555584
1403636734413555456
1403636734463555584
1403636734513555456
1403636734563555584
1403636734613555456
1403636734663555584
1403636734713555456
1403636734763555584
1403636734813555456
1403636734863555584
1403636734913555456
1403636734963555584
1403636735013555456
1403636735063555584
1403636735113555456
1403636735163555584
1403636735213555456
1403636735263555584
1403636735313555456
1403636735363555584
1403636735413555456
1403636735463555584
1403636735513555456
1403636735563555584
1403636735613555456
1403636735663555584
1403636735713555456
1403636735763555584
1403636735813555456
1403636735863555584
1403636735913555456
1403636735963555584
1403636736013555456
1403636736063555584
1403636736113555456
1403636736163555584
1403636736213555456
1403636736263555584
1403636736313555456
1403636736363555584
1403636736413555456
1403636736463555584
1403636736513555456
1403636736563555584
1403636736613555456
1403636736663555584
1403636736713555456
1403636736763555584
1403636736813555456
1403636736863555584
1403636736913555456
1403636736963555584
1403636737013555456
1403636737063555584
1403636737113555456
1403636737163555584
1403636737213555456
1403636737263555584
1403636737313555456
1403636737363555584
1403636737413555456
1403636737463555584
1403636737513555456
1403636737563555584
1403636737613555456
1403636737663555584
1403636737713555456
1403636737763555584
1403636737813555456
1403636737863555584
1403636737913555456
1403636737963555584
1403636738013555456
1403636738063555584
1403636738113555456
1403636738163555584
1403636738213555456
1403636738263555584
1403636738313555456
1403636738363555584
1403636738413555456
1403636738463555584
1403636738513555456
1403636738563555584
1403636738613555456
1403636738663555584
1403636738713555456
1403636738763555584
1403636738813555456
1403636738863555584
1403636738913555456
1403636738963555584
1403636739013555456
1403636739063555584
1403636739113555456
1403636739163555584
1403636739213555456
1403636739263555584
1403636739313555456
1403636739363555584
1403636739413555456
1403636739463555584
1403636739513555456
1403636739563555584
1403636739613555456
1403636739663555584
1403636739713555456
1403636739763555584
1403636739813555456
1403636739863555584
1403636739913555456
1403636739963555584
1403636740013555456
1403636740063555584
1403636740113555456
1403636740163555584
1403636740213555456
1403636740263555584
1403636740313555456
1403636740363555584
1403636740413555456
1403636740463555584
1403636740513555456
1403636740563555584
1403636740613555456
1403636740663555584
1403636740713555456
1403636740763555584
1403636740813555456
1403636740863555584
1403636740913555456
1403636740963555584
1403636741013555456
1403636741063555584
1403636741113555456
1403636741163555584
1403636741213555456
1403636741263555584
1403636741313555456
1403636741363555584
1403636741413555456
1403636741463555584
1403636741513555456
1403636741563555584
1403636741613555456
1403636741663555584
1403636741713555456
1403636741763555584
1403636741813555456
1403636741863555584
1403636741913555456
1403636741963555584
1403636742013555456
1403636742063555584
1403636742113555456
1403636742163555584
1403636742213555456
1403636742263555584
1403636742313555456
1403636742363555584
1403636742413555456
1403636742463555584
1403636742513555456
1403636742563555584
1403636742613555456
1403636742663555584
1403636742713555456
1403636742763555584
1403636742813555456
1403636742863555584
1403636742913555456
1403636742963555584
1403636743013555456
1403636743063555584
1403636743113555456
1403636743163555584
1403636743213555456
1403636743263555584
1403636743313555456
1403636743363555584
1403636743413555456
1403636743463555584
1403636743513555456
1403636743563555584
1403636743613555456
1403636743663555584
1403636743713555456
1403636743763555584
1403636743813555456
1403636743863555584
1403636743913555456
1403636743963555584
1403636744013555456
1403636744063555584
1403636744113555456
1403636744163555584
1403636744213555456
1403636744263555584
1403636744313555456
1403636744363555584
1403636744413555456
1403636744463555584
1403636744513555456
1403636744563555584
1403636744613555456
1403636744663555584
1403636744713555456
1403636744763555584
1403636744813555456
1403636744863555584
1403636744913555456
1403636744963555584
1403636745013555456
1403636745063555584
1403636745113555456
1403636745163555584
1403636745213555456
1403636745263555584
1403636745313555456
1403636745363555584
1403636745413555456
1403636745463555584
1403636745513555456
1403636745563555584
1403636745613555456
1403636745663555584
1403636745713555456
1403636745763555584
1403636745813555456
1403636745863555584
1403636745913555456
1403636745963555584
1403636746013555456
1403636746063555584
1403636746113555456
1403636746163555584
1403636746213555456
1403636746263555584
1403636746313555456
1403636746363555584
1403636746413555456
1403636746463555584
1403636746513555456
1403636746563555584
1403636746613555456
1403636746663555584
1403636746713555456
1403636746763555584
1403636746813555456
1403636746863555584
1403636746913555456
1403636746963555584
1403636747013555456
1403636747063555584
1403636747113555456
1403636747163555584
1403636747213555456
1403636747263555584
1403636747313555456
1403636747363555584
1403636747413555456
1403636747463555584
1403636747513555456
1403636747563555584
1403636747613555456
1403636747663555584
1403636747713555456
1403636747763555584
1403636747813555456
1403636747863555584
1403636747913555456
1403636747963555584
1403636748013555456
1403636748063555584
1403636748113555456
1403636748163555584
1403636748213555456
1403636748263555584
1403636748313555456
1403636748363555584
1403636748413555456
1403636748463555584
1403636748513555456
1403636748563555584
1403636748613555456
1403636748663555584
1403636748713555456
1403636748763555584
1403636748813555456
1403636748863555584
1403636748913555456
1403636748963555584
1403636749013555456
1403636749063555584
1403636749113555456
1403636749163555584
1403636749213555456
1403636749263555584
1403636749313555456
1403636749363555584
1403636749413555456
1403636749463555584
1403636749513555456
1403636749563555584
1403636749613555456
1403636749663555584
1403636749713555456
1403636749763555584
1403636749813555456
1403636749863555584
1403636749913555456
1403636749963555584
1403636750013555456
1403636750063555584
1403636750113555456
1403636750163555584
1403636750213555456
1403636750263555584
1403636750313555456
1403636750363555584
1403636750413555456
1403636750463555584
1403636750513555456
1403636750563555584
1403636750613555456
1403636750663555584
1403636750713555456
1403636750763555584
1403636750813555456
1403636750863555584
1403636750913555456
1403636750963555584
1403636751013555456
1403636751063555584
1403636751113555456
1403636751163555584
1403636751213555456
1403636751263555584
1403636751313555456
1403636751363555584
1403636751413555456
1403636751463555584
1403636751513555456
1403636751563555584
1403636751613555456
1403636751663555584
1403636751713555456
1403636751763555584
1403636751813555456
1403636751863555584
1403636751913555456
1403636751963555584
1403636752013555456
1403636752063555584
1403636752113555456
1403636752163555584
1403636752213555456
1403636752263555584
1403636752313555456
1403636752363555584
1403636752413555456
1403636752463555584
1403636752513555456
1403636752563555584
1403636752613555456
1403636752663555584
1403636752713555456
1403636752763555584
1403636752813555456
1403636752863555584
1403636752913555456
1403636752963555584
1403636753013555456
1403636753063555584
1403636753113555456
1403636753163555584
1403636753213555456
1403636753263555584
1403636753313555456
1403636753363555584
1403636753413555456
1403636753463555584
1403636753513555456
1403636753563555584
1403636753613555456
1403636753663555584
1403636753713555456
1403636753763555584
1403636753813555456
1403636753863555584
1403636753913555456
1403636753963555584
1403636754013555456
1403636754063555584
1403636754113555456
1403636754163555584
1403636754213555456
1403636754263555584
1403636754313555456
1403636754363555584
1403636754413555456
1403636754463555584
1403636754513555456
1403636754563555584
1403636754613555456
1403636754663555584
1403636754713555456
1403636754763555584
1403636754813555456
1403636754863555584
1403636754913555456
1403636754963555584
1403636755013555456
1403636755063555584
1403636755113555456
1403636755163555584
1403636755213555456
1403636755263555584
1403636755313555456
1403636755363555584
1403636755413555456
1403636755463555584
1403636755513555456
1403636755563555584
1403636755613555456
1403636755663555584
1403636755713555456
1403636755763555584
1403636755813555456
1403636755863555584
1403636755913555456
1403636755963555584
1403636756013555456
1403636756063555584
1403636756113555456
1403636756163555584
1403636756213555456
1403636756263555584
1403636756313555456
1403636756363555584
1403636756413555456
1403636756463555584
1403636756513555456
1403636756563555584
1403636756613555456
1403636756663555584
1403636756713555456
1403636756763555584
1403636756813555456
1403636756863555584
1403636756913555456
1403636756963555584
1403636757013555456
1403636757063555584
1403636757113555456
1403636757163555584
1403636757213555456
1403636757263555584
1403636757313555456
1403636757363555584
1403636757413555456
1403636757463555584
1403636757513555456
1403636757563555584
1403636757613555456
1403636757663555584
1403636757713555456
1403636757763555584
1403636757813555456
1403636757863555584
1403636757913555456
1403636757963555584
1403636758013555456
1403636758063555584
1403636758113555456
1403636758163555584
1403636758213555456
1403636758263555584
1403636758313555456
1403636758363555584
1403636758413555456
1403636758463555584
1403636758513555456
1403636758563555584
1403636758613555456
1403636758663555584
1403636758713555456
1403636758763555584
1403636758813555456
1403636758863555584
1403636758913555456
1403636758963555584
1403636759013555456
1403636759063555584
1403636759113555456
1403636759163555584
1403636759213555456
1403636759263555584
1403636759313555456
1403636759363555584
1403636759413555456
1403636759463555584
1403636759513555456
1403636759563555584
1403636759613555456
1403636759663555584
1403636759713555456
1403636759763555584
1403636759813555456
1403636759863555584
1403636759913555456
1403636759963555584
1403636760013555456
1403636760063555584
1403636760113555456
1403636760163555584
1403636760213555456
1403636760263555584
1403636760313555456
1403636760363555584
1403636760413555456
1403636760463555584
1403636760513555456
1403636760563555584
1403636760613555456
1403636760663555584
1403636760713555456
1403636760763555584
1403636760813555456
1403636760863555584
1403636760913555456
1403636760963555584
1403636761013555456
1403636761063555584
1403636761113555456
1403636761163555584
1403636761213555456
1403636761263555584
1403636761313555456
1403636761363555584
1403636761413555456
1403636761463555584
1403636761513555456
1403636761563555584
1403636761613555456
1403636761663555584
1403636761713555456
1403636761763555584
1403636761813555456
1403636761863555584
1403636761913555456
1403636761963555584
1403636762013555456
1403636762063555584
1403636762113555456
1403636762163555584
1403636762213555456
1403636762263555584
1403636762313555456
1403636762363555584
1403636762413555456
1403636762463555584
1403636762513555456
1403636762563555584
1403636762613555456
1403636762663555584
1403636762713555456
1403636762763555584
1403636762813555456
1403636762863555584
1403636762913555456
1403636762963555584
1403636763013555456
1403636763063555584
1403636763113555456
1403636763163555584
1403636763213555456
1403636763263555584
1403636763313555456
1403636763363555584
1403636763413555456
1403636763463555584
1403636763513555456
1403636763563555584
1403636763613555456
1403636763663555584
1403636763713555456
1403636763763555584
1403636763813555456
