1520531467550669082
1520531467600671082
1520531467650673082
1520531467700674082
1520531467750676082
1520531467800677082
1520531467850679082
1520531467900680082
1520531467950715907
1520531468000717907
1520531468050718907
1520531468100719907
1520531468150722907
1520531468200723907
1520531468250725907
1520531468300726907
1520531468350734152
1520531468400736152
1520531468450738152
1520531468500739152
1520531468550740152
1520531468600742152
1520531468650827152
1520531468700745152
1520531468750747152
1520531468800737135
1520531468850739135
1520531468900740135
1520531468950742135
1520531469000744135
1520531469050745135
1520531469100747135
1520531469150748135
1520531469200727819
1520531469250728819
1520531469300730819
1520531469350732819
1520531469400733819
1520531469450735819
1520531469500736819
1520531469550738819
1520531469600696749
1520531469650697749
1520531469700698749
1520531469750700749
1520531469800702749
1520531469850703749
1520531469900705749
1520531469950706749
1520531470000697521
1520531470050699521
1520531470100700521
1520531470150702521
1520531470200703521
1520531470250765521
1520531470300706521
1520531470350708521
1520531470400750714
1520531470450752714
1520531470500753714
1520531470550755714
1520531470600757714
1520531470650758714
1520531470700760714
1520531470750761714
1520531470800763714
1520531470850790047
1520531470900792047
1520531470950794047
1520531471000795047
1520531471050797047
1520531471100798047
1520531471150800047
1520531471200802047
1520531471250801994
1520531471300803994
1520531471350805994
1520531471400806994
1520531471450808994
1520531471500809994
1520531471550811994
1520531471600812994
1520531471650841573
1520531471700846573
1520531471750844573
1520531471800846573
1520531471850886573
1520531471900849573
1520531471950851573
1520531472000852573
1520531472050906573
1520531472100907573
1520531472150909573
1520531472200911573
1520531472250912573
1520531472300914573
1520531472350915573
1520531472400917573
1520531472450886784
1520531472500888784
1520531472550889784
1520531472600891784
1520531472650893784
1520531472700894784
1520531472750896784
1520531472800898784
1520531472850752065
1520531472900754065
1520531472950755065
1520531473000757065
1520531473050759065
1520531473100760065
1520531473150762065
1520531473200764065
1520531473250765065
1520531473300772521
1520531473350774521
1520531473400775521
1520531473450791521
1520531473500778521
1520531473550780521
1520531473600781521
1520531473650783521
1520531473700987819
1520531473750989819
1520531473800991819
1520531473850992819
1520531473900994819
1520531473950995819
1520531474000997819
1520531474050998819
1520531474101125521
1520531474151127521
1520531474201128521
1520531474251130521
1520531474301132521
1520531474351133521
1520531474401135521
1520531474451136521
1520531474500983854
1520531474550985854
1520531474600986854
1520531474650988854
1520531474700989854
1520531474750991854
1520531474800992854
1520531474850993854
1520531474900897819
1520531474950899819
1520531475000900819
1520531475050902819
1520531475100903819
1520531475150905819
1520531475200906819
1520531475250908819
1520531475300909819
1520531475350786065
1520531475400788065
1520531475450789065
1520531475500791065
1520531475550792065
1520531475600794065
1520531475650795065
1520531475700797065
1520531475750904258
1520531475800905258
1520531475850907258
1520531475900908258
1520531475950910258
1520531476000911258
1520531476050913258
1520531476100915258
1520531476151157240
1520531476201159240
1520531476251160240
1520531476301162240
1520531476351164240
1520531476401165240
1520531476451166240
1520531476501168240
1520531476551211433
1520531476601212433
1520531476651215433
1520531476701215433
1520531476751217433
1520531476801218433
1520531476851220433
1520531476901221433
1520531476951108556
1520531477001110556
1520531477051111556
1520531477101113556
1520531477151114556
1520531477201116556
1520531477251117556
1520531477301119556
1520531477350948363
1520531477400949363
1520531477450951363
1520531477500952363
1520531477550954363
1520531477600956363
1520531477650957363
1520531477700959363
1520531477750960363
1520531477800770924
1520531477850772924
1520531477900773924
1520531477950775924
1520531478000776924
1520531478050777924
1520531478100781924
1520531478150781924
1520531478200830433
1520531478250832433
1520531478300923433
1520531478350835433
1520531478400836433
1520531478450838433
1520531478500840433
1520531478550841433
1520531478601492696
1520531478651493696
1520531478701495696
1520531478751496696
1520531478801498696
1520531478851499696
1520531478901501696
1520531478951503696
1520531479002026170
1520531479052028170
1520531479102029170
1520531479152031170
1520531479202033170
1520531479252034170
1520531479302036170
1520531479352037170
1520531479401539801
1520531479451541801
1520531479501542801
1520531479551544801
1520531479601545801
1520531479651547801
1520531479701550801
1520531479751549801
1520531479800995170
1520531479850997170
1520531479901063170
1520531479951000170
1520531480001001170
1520531480051003170
1520531480101004170
1520531480151006170
1520531480201008170
1520531480250966644
1520531480300968644
1520531480350969644
1520531480400971644
1520531480450972644
1520531480500974644
1520531480550976644
1520531480600977644
1520531480651252907
1520531480701253907
1520531480751255907
1520531480801256907
1520531480851258907
1520531480901260907
1520531480951262907
1520531481001263907
1520531481051236345
1520531481101238345
1520531481151240345
1520531481201241345
1520531481251243345
1520531481301244345
1520531481351246345
1520531481401247345
1520531481451519731
1520531481501554731
1520531481551522731
1520531481601523731
1520531481651525731
1520531481701526731
1520531481751528731
1520531481801530731
1520531481851201837
1520531481901203837
1520531481951204837
1520531482001206837
1520531482051207837
1520531482101209837
1520531482151211837
1520531482201212837
1520531482251214837
1520531482301960749
1520531482351962749
1520531482401963749
1520531482451965749
1520531482501967749
1520531482551969749
1520531482601970749
1520531482651972749
1520531482701594328
1520531482751594328
1520531482801596328
1520531482851597328
1520531482901599328
1520531482951600328
1520531483001602328
1520531483051604328
1520531483100952345
1520531483150950345
1520531483200951345
1520531483250953345
1520531483300954345
1520531483350956345
1520531483400958345
1520531483450959345
1520531483501306047
1520531483551307047
1520531483601309047
1520531483651310047
1520531483701312047
1520531483751313047
1520531483801315047
1520531483851317047
1520531483901207872
1520531483951209872
1520531484001210872
1520531484051212872
1520531484101214872
1520531484151216872
1520531484201217872
1520531484251219872
1520531484301015538
1520531484351016538
1520531484401018538
1520531484451020538
1520531484501021538
1520531484551022538
1520531484601024538
1520531484651026538
1520531484701027538
1520531484751088626
1520531484801089626
1520531484851091626
1520531484901092626
1520531484951094626
1520531485001096626
1520531485051097626
1520531485101099626
1520531485150923293
1520531485200925293
1520531485250926293
1520531485300928293
1520531485350929293
1520531485400931293
1520531485450933293
1520531485500934293
1520531485551288223
1520531485601289223
1520531485651291223
1520531485701293223
1520531485751294223
1520531485801296223
1520531485851298223
1520531485901299223
1520531485951378766
1520531486001379766
1520531486051381766
1520531486101382766
1520531486151384766
1520531486201385766
1520531486251387766
1520531486301388766
1520531486351172942
1520531486401077942
1520531486451079942
1520531486501080942
1520531486551082942
1520531486601084942
1520531486651085942
1520531486701087942
1520531486751088942
1520531486801213679
1520531486851214679
1520531486901216679
1520531486951218679
1520531487001219679
1520531487051221679
1520531487101222679
1520531487151224679
1520531487201151714
1520531487251153714
1520531487301155714
1520531487351156714
1520531487401158714
1520531487451159714
1520531487501161714
1520531487551163714
1520531487601156854
1520531487651157854
1520531487701160854
1520531487751161854
1520531487801162854
1520531487851164854
1520531487901165854
1520531487951231854
1520531488001226538
1520531488051228538
1520531488101229538
1520531488151231538
1520531488201233538
1520531488251234538
1520531488301236538
1520531488351237538
1520531488401385573
1520531488451386573
1520531488501388573
1520531488551389573
1520531488601391573
1520531488651393573
1520531488701394573
1520531488751396573
1520531488801335538
1520531488851337538
1520531488901339538
1520531488951340538
1520531489001342538
1520531489051344538
1520531489101345538
1520531489151347538
1520531489201348538
1520531489251521819
1520531489301523819
1520531489351524819
1520531489401526819
1520531489451528819
1520531489501529819
1520531489551565819
1520531489601532819
1520531489651143942
1520531489701144942
1520531489751146942
1520531489801148942
1520531489851149942
1520531489901151942
1520531489951152942
1520531490001154942
1520531490051112573
1520531490101114573
1520531490151115573
1520531490201117573
1520531490251119573
1520531490301120573
1520531490351122573
1520531490401124573
1520531490451897433
1520531490501899433
1520531490551901433
1520531490601902433
1520531490651904433
1520531490701905433
1520531490751907433
1520531490801908433
1520531490851421591
1520531490901423591
1520531490951423591
1520531491001425591
1520531491051427591
1520531491101428591
1520531491151436591
1520531491201431591
1520531491251427135
1520531491301369187
1520531491351371187
1520531491401373187
1520531491451374187
1520531491501376187
1520531491551377187
1520531491601379187
1520531491651380187
1520531491701155942
1520531491751156942
1520531491801158942
1520531491851160942
1520531491901161942
1520531491951163942
1520531492001164942
1520531492051166942
1520531492101172030
1520531492151174030
1520531492201175030
1520531492251177030
1520531492301178030
1520531492351180030
1520531492401181030
1520531492451183030
1520531492501570626
1520531492551572626
1520531492601574626
1520531492651575626
1520531492701576626
1520531492751578626
1520531492801579626
1520531492851581626
1520531492901437363
1520531492951439363
1520531493001441363
1520531493051442363
1520531493101444363
1520531493151445363
1520531493201447363
1520531493251448363
1520531493301423345
1520531493351424345
1520531493401426345
1520531493451428345
1520531493501429345
1520531493551431345
1520531493601433345
1520531493651434345
1520531493701436345
1520531493751524293
1520531493801526293
1520531493851528293
1520531493901529293
1520531493951531293
1520531494001532293
1520531494051533293
1520531494101535293
1520531494151625644
1520531494201628644
1520531494251628644
1520531494301629644
1520531494351631644
1520531494401737644
1520531494451634644
1520531494501635644
1520531494551478907
1520531494601480907
1520531494651481907
1520531494701483907
1520531494751484907
1520531494801486907
1520531494851487907
1520531494901489907
1520531494951393293
1520531495001395293
1520531495051397293
1520531495101398293
1520531495151400293
1520531495201401293
1520531495251403293
1520531495301405293
1520531495351369608
1520531495401370608
1520531495451371608
1520531495501373608
1520531495551375608
1520531495601376608
1520531495651377608
1520531495701379608
1520531495751458100
1520531495801459100
1520531495851461100
1520531495901462100
1520531495951464100
1520531496001541100
1520531496051467100
1520531496101469100
1520531496151470100
1520531496201466626
1520531496251467626
1520531496301469626
1520531496351470626
1520531496401472626
1520531496451473626
1520531496501475626
1520531496551476626
1520531496601476801
1520531496651478801
1520531496701479801
1520531496751481801
1520531496801482801
1520531496851484801
1520531496901485801
1520531496951487801
1520531497001513942
1520531497051515942
1520531497101517942
1520531497151518942
1520531497201520942
1520531497251521942
1520531497301522942
1520531497351523942
1520531497401532889
1520531497451534889
1520531497501535889
1520531497551537889
1520531497601587889
1520531497651540889
1520531497701541889
1520531497751543889
1520531497801614310
1520531497851615310
1520531497901617310
1520531497951618310
1520531498001620310
1520531498051621310
1520531498101623310
1520531498151624310
1520531498201754030
1520531498251756030
1520531498301757030
1520531498351759030
1520531498401760030
1520531498451762030
1520531498501763030
1520531498551766030
1520531498601767030
1520531498651851415
1520531498701852415
1520531498751854415
1520531498801855415
1520531498851857415
1520531498901858415
1520531498951859415
1520531499001861415
1520531499051876187
1520531499101877187
1520531499151879187
1520531499201903187
1520531499251882187
1520531499301883187
1520531499351885187
1520531499401887187
1520531499452080117
1520531499502082117
1520531499552083117
1520531499602085117
1520531499652086117
1520531499702088117
1520531499752089117
1520531499802091117
1520531499852255644
1520531499902256644
1520531499952258644
1520531500002259644
1520531500052261644
1520531500102262644
1520531500152265644
1520531500202266644
1520531500252278538
1520531500302279538
1520531500352280538
1520531500402282538
1520531500452283538
1520531500502285538
1520531500552287538
1520531500602288538
1520531500652290538
1520531500702181082
1520531500752183082
1520531500802184082
1520531500852186082
1520531500902187082
1520531500952189082
1520531501002191082
1520531501052192082
1520531501102112889
1520531501152113889
1520531501202115889
1520531501252116889
1520531501302118889
1520531501352119889
1520531501402121889
1520531501452123889
1520531501502251696
1520531501552253696
1520531501602254696
1520531501652256696
1520531501702257696
1520531501752259696
1520531501802261696
1520531501852262696
1520531501902452714
1520531501952453714
1520531502002455714
1520531502052455714
1520531502102457714
1520531502152459714
1520531502202460714
1520531502252462714
1520531502302690731
1520531502352692731
1520531502402694731
1520531502452695731
1520531502502696731
1520531502552698731
1520531502602700731
1520531502652701731
1520531502702438187
1520531502752439187
1520531502802441187
1520531502852442187
1520531502902444187
1520531502952445187
1520531503002447187
1520531503052449187
1520531503102450187
1520531503151951135
1520531503201952135
1520531503251954135
1520531503301955135
1520531503351957135
1520531503401959135
1520531503451960135
1520531503501962135
1520531503551779363
1520531503601780363
1520531503651782363
1520531503701783363
1520531503751785363
1520531503801786363
1520531503851788363
1520531503901790363
1520531503951861538
1520531504001863538
1520531504051962538
1520531504101865538
1520531504151867538
1520531504201869538
1520531504251870538
1520531504301872538
1520531504352016065
1520531504402018065
1520531504452019065
1520531504502021065
1520531504552023065
1520531504602024065
1520531504652026065
1520531504702027065
1520531504752322959
1520531504802323959
1520531504852325959
1520531504902326959
1520531504952328959
1520531505002330959
1520531505052331959
1520531505102333959
1520531505152262275
1520531505202264275
1520531505252265275
1520531505302266275
1520531505352268275
1520531505402269275
1520531505452271275
1520531505502272275
1520531505552274275
1520531505602121047
1520531505652190047
1520531505702123047
1520531505752125047
1520531505802127047
1520531505852128047
1520531505902130047
1520531505952131047
1520531506002067012
1520531506052068012
1520531506102070012
1520531506152071012
1520531506202073012
1520531506252075012
1520531506302077012
1520531506352078012
1520531506402133187
1520531506452135187
1520531506502136187
1520531506552138187
1520531506602140187
1520531506652142187
1520531506702144187
1520531506752145187
1520531506802060380
1520531506852061380
1520531506902062380
1520531506952064380
1520531507002065380
1520531507052067380
1520531507102068380
1520531507152070380
1520531507202000223
1520531507252040223
1520531507302004223
1520531507352005223
1520531507402007223
1520531507452008223
1520531507502010223
1520531507552011223
1520531507602013223
1520531507652078854
1520531507702080854
1520531507752081854
1520531507802083854
1520531507852085854
1520531507902086854
1520531507952088854
1520531508002089854
1520531508052379994
1520531508102380994
1520531508152382994
1520531508202384994
1520531508252386994
1520531508302387994
1520531508352389994
1520531508402391994
1520531508452459170
1520531508502460170
1520531508552462170
1520531508602463170
1520531508652465170
1520531508702466170
1520531508752468170
1520531508802469170
1520531508852194468
1520531508902188468
1520531508952189468
1520531509002191468
1520531509052192468
1520531509102194468
1520531509152195468
1520531509202197468
1520531509252034819
1520531509302036819
1520531509352038819
1520531509402039819
1520531509452041819
1520531509502042819
1520531509552044819
1520531509602045819
1520531509652150415
1520531509702152415
1520531509752153415
1520531509802155415
1520531509852156415
1520531509902158415
1520531509952160415
1520531510002162415
1520531510052163415
1520531510102203082
1520531510152206082
1520531510202206082
1520531510252208082
1520531510302209082
1520531510352211082
1520531510402212082
1520531510452214082
1520531510502072696
1520531510552074696
1520531510602076696
1520531510652077696
1520531510702079696
1520531510752080696
1520531510802082696
1520531510852083696
1520531510902243310
1520531510952244310
1520531511002246310
1520531511052248310
1520531511102249310
1520531511152251310
1520531511202252310
1520531511252254310
1520531511302962345
1520531511352963345
1520531511402965345
1520531511452967345
1520531511502968345
1520531511552970345
1520531511602971345
1520531511652973345
1520531511702879556
1520531511752880556
1520531511802881556
1520531511852883556
1520531511902890556
1520531511952886556
1520531512002887556
1520531512052889556
1520531512102844187
1520531512152741187
1520531512202743187
1520531512252744187
1520531512302746187
1520531512352747187
1520531512402749187
1520531512452750187
1520531512502752187
1520531512552553907
1520531512602554907
1520531512652556907
1520531512702557907
1520531512752559907
1520531512802560907
1520531512852562907
1520531512902564907
1520531512952460082
1520531513002462082
1520531513052463082
1520531513102465082
1520531513152467082
1520531513202468082
1520531513252470082
1520531513302471082
1520531513352676100
1520531513402677100
1520531513452679100
1520531513502681100
1520531513552682100
1520531513602683100
1520531513652685100
1520531513702756100
1520531513753023819
1520531513803025819
1520531513853026819
1520531513903028819
1520531513953029819
1520531514003031819
1520531514053032819
1520531514103034819
1520531514152778363
1520531514202779363
1520531514252781363
1520531514302782363
1520531514352784363
1520531514402785363
1520531514452787363
1520531514502788363
1520531514552790363
1520531514602206398
1520531514652207398
1520531514702209398
1520531514752210398
1520531514802212398
1520531514852214398
1520531514902216398
1520531514952218398
1520531515002064924
1520531515052066924
1520531515102067924
1520531515152070924
1520531515202070924
1520531515252072924
1520531515302110924
1520531515352075924
1520531515402285503
1520531515452286503
1520531515502288503
1520531515552289503
1520531515602291503
1520531515652292503
1520531515702294503
1520531515752295503
1520531515803027468
1520531515853029468
1520531515903030468
1520531515953032468
1520531516003034468
1520531516053035468
1520531516103037468
1520531516153038468
1520531516203040679
1520531516253042679
1520531516303043679
1520531516353045679
1520531516403046679
1520531516453048679
1520531516503049679
1520531516553051679
1520531516602638363
1520531516652640363
1520531516702641363
1520531516752643363
1520531516802644363
1520531516852646363
1520531516902648363
1520531516952649363
1520531517002651363
1520531517052367942
1520531517102369942
1520531517152370942
1520531517202372942
1520531517252373942
1520531517302375942
1520531517352376942
1520531517402378942
1520531517452478696
1520531517502479696
1520531517552481696
1520531517602482696
1520531517652484696
1520531517702485696
1520531517752487696
1520531517802489696
1520531517852628328
1520531517902629328
1520531517952631328
1520531518002632328
1520531518052634328
1520531518102636328
1520531518152637328
1520531518202638328
1520531518253022924
1520531518303024924
1520531518353025924
1520531518403027924
1520531518453028924
1520531518503032924
1520531518553031924
1520531518603033924
1520531518652965380
1520531518702967380
1520531518752968380
1520531518802970380
1520531518852971380
1520531518902973380
1520531518952974380
1520531519002976380
1520531519052978380
1520531519102978117
1520531519152980117
1520531519202981117
1520531519252983117
1520531519302984117
1520531519352986117
1520531519402988117
1520531519452989117
1520531519503232521
1520531519553234521
1520531519603235521
1520531519653237521
1520531519703238521
1520531519753240521
1520531519803242521
1520531519853243521
1520531519902915696
1520531519952916696
1520531520002918696
1520531520052922696
1520531520102920696
1520531520153006696
1520531520202924696
1520531520252925696
1520531520302751556
1520531520352752556
1520531520402754556
1520531520452755556
1520531520502757556
1520531520552758556
1520531520602760556
1520531520652762556
1520531520702784819
1520531520752786819
1520531520802787819
1520531520852789819
1520531520902790819
1520531520952792819
1520531521002794819
1520531521052795819
1520531521102550451
1520531521152552451
1520531521202553451
1520531521252555451
1520531521302557451
1520531521352558451
1520531521402559451
1520531521452561451
1520531521502562451
1520531521552299749
1520531521602301749
1520531521652302749
1520531521702304749
1520531521752349749
1520531521802307749
1520531521852308749
1520531521902310749
1520531521952540661
1520531522002542661
1520531522052543661
1520531522102545661
1520531522152546661
1520531522202548661
1520531522252550661
1520531522302551661
1520531522353753451
1520531522403754451
1520531522453756451
1520531522503757451
1520531522553759451
1520531522603761451
1520531522653762451
1520531522703764451
1520531522753780766
1520531522803782766
1520531522853783766
1520531522903784766
1520531522953786766
1520531523003787766
1520531523053789766
1520531523103790766
1520531523153171152
1520531523203172152
1520531523253174152
1520531523303175152
1520531523353184152
1520531523403179152
1520531523453180152
1520531523503182152
1520531523553183152
1520531523603061012
1520531523653062012
1520531523703064012
1520531523753065012
1520531523803067012
1520531523853069012
1520531523903070012
1520531523953072012
1520531524003109152
1520531524053111152
1520531524103112152
1520531524153114152
1520531524203116152
1520531524253117152
1520531524303119152
1520531524353121152
1520531524402980749
1520531524452982749
1520531524502983749
1520531524552985749
1520531524602986749
1520531524652988749
1520531524702989749
1520531524752991749
1520531524802937959
1520531524852939959
1520531524902939959
1520531524952941959
1520531525002943959
1520531525052944959
1520531525102946959
1520531525152947959
1520531525202912345
1520531525252913345
1520531525302915345
1520531525352916345
1520531525402918345
1520531525452920345
1520531525502921345
1520531525552923345
1520531525602616696
1520531525652618696
1520531525702619696
1520531525752621696
1520531525802623696
1520531525852624696
1520531525902626696
1520531525952628696
1520531526002629696
1520531526052542152
1520531526102544152
1520531526152545152
1520531526202547152
1520531526252548152
1520531526302549152
1520531526352551152
1520531526402553152
1520531526452476258
1520531526502478258
1520531526552479258
1520531526602563258
1520531526652482258
1520531526702484258
1520531526752485258
1520531526802487258
1520531526852802854
1520531526902804854
1520531526952805854
1520531527002807854
1520531527052809854
1520531527102810854
1520531527152812854
1520531527202813854
1520531527253229187
1520531527303230187
1520531527353232187
1520531527403234187
1520531527453235187
1520531527503237187
1520531527553238187
1520531527603240187
1520531527653134819
1520531527703136819
1520531527753137819
1520531527803139819
1520531527853143819
1520531527903141819
1520531527953143819
1520531528003145819
1520531528053005275
1520531528103006275
1520531528153008275
1520531528203051275
1520531528253011275
1520531528303013275
1520531528353014275
1520531528403016275
1520531528453017275
1520531528502906363
1520531528552907363
1520531528602909363
1520531528652911363
1520531528702912363
1520531528752914363
1520531528802915363
1520531528852917363
1520531528903011223
1520531528953012223
1520531529003014223
1520531529053015223
1520531529103017223
1520531529153019223
1520531529203020223
1520531529253022223
1520531529303169608
1520531529353171608
1520531529403172608
1520531529453174608
1520531529503175608
1520531529553177608
1520531529603178608
1520531529653180608
1520531529703151100
1520531529753152100
1520531529803155100
1520531529853155100
1520531529903157100
1520531529953158100
1520531530003160100
1520531530053161100
1520531530103404994
1520531530153405994
1520531530203407994
1520531530253409994
1520531530303410994
1520531530353412994
1520531530403413994
1520531530453415994
1520531530503416994
1520531530553175556
1520531530603177556
1520531530653178556
1520531530703180556
1520531530753181556
1520531530803183556
1520531530853185556
1520531530903187556
1520531530952992205
1520531531002994205
1520531531052995205
1520531531102996205
1520531531152998205
1520531531203000205
1520531531253001205
1520531531303002205
1520531531352873608
1520531531402875608
1520531531452876608
1520531531502878608
1520531531552879608
1520531531602881608
1520531531652882608
1520531531702884608
1520531531753054521
1520531531803056521
1520531531853058521
1520531531903059521
1520531531953061521
1520531532003062521
1520531532053064521
1520531532103065521
1520531532152748433
1520531532202750433
1520531532252751433
1520531532302753433
1520531532352755433
1520531532402756433
1520531532452757433
1520531532502760433
1520531532552788591
1520531532602789591
1520531532652791591
1520531532702792591
1520531532752794591
1520531532802795591
1520531532852800591
1520531532902798591
1520531532952800591
1520531533003931924
1520531533054003924
1520531533103934924
1520531533153935924
1520531533203937924
1520531533253938924
1520531533303940924
1520531533353941924
1520531533403869117
1520531533453871117
1520531533503872117
1520531533553874117
1520531533603875117
1520531533653877117
1520531533703878117
1520531533753880117
1520531533803774468
1520531533853775468
1520531533903777468
1520531533953778468
1520531534003780468
1520531534053782468
1520531534103784468
1520531534153784468
1520531534203112661
1520531534253114661
1520531534303114661
1520531534353116661
1520531534403122661
1520531534453119661
1520531534503120661
1520531534553122661
1520531534603625503
1520531534653653503
1520531534703628503
1520531534753629503
1520531534803631503
1520531534853632503
1520531534903634503
1520531534953635503
1520531535003953433
1520531535053100766
1520531535103101766
1520531535153103766
1520531535203104766
1520531535253106766
1520531535303108766
1520531535353109766
1520531535403111766
1520531535453045749
1520531535503047749
1520531535553049749
1520531535603050749
1520531535653052749
1520531535703053749
1520531535753055749
1520531535803056749
1520531535853404644
1520531535903406644
1520531535953407644
1520531536003408644
1520531536053410644
1520531536103412644
1520531536153413644
1520531536203415644
1520531536253253766
1520531536303255766
1520531536353256766
1520531536403258766
1520531536453259766
1520531536503261766
1520531536553262766
1520531536603264766
1520531536652931047
1520531536702932047
1520531536752934047
1520531536802935047
1520531536852937047
1520531536902938047
1520531536952940047
1520531537002942047
1520531537053432661
1520531537103434661
1520531537153435661
1520531537203437661
1520531537253438661
1520531537303441661
1520531537353442661
1520531537403444661
1520531537453446661
1520531537503202889
1520531537553203889
1520531537603205889
1520531537653206889
1520531537703211889
1520531537753209889
1520531537803211889
1520531537853212889
1520531537902931591
1520531537952840591
1520531538002842591
1520531538052843591
1520531538102845591
1520531538152847591
1520531538202848591
1520531538252850591
1520531538303307170
1520531538353309170
1520531538403310170
1520531538453312170
1520531538503314170
1520531538553315170
1520531538603317170
1520531538653318170
1520531538703343889
1520531538753344889
1520531538803346889
1520531538853348889
1520531538903349889
1520531538953351889
1520531539003353889
1520531539053354889
1520531539103588679
1520531539153589679
1520531539203591679
1520531539253592679
1520531539303594679
1520531539353595679
1520531539403597679
1520531539453598679
1520531539503991521
1520531539553946521
1520531539603948521
1520531539653949521
1520531539703951521
1520531539753952521
1520531539803954521
1520531539853956521
1520531539903957521
1520531539953342889
1520531540003343889
1520531540053345889
1520531540103346889
1520531540153348889
1520531540203350889
1520531540253351889
1520531540303353889
1520531540353156012
1520531540403158012
1520531540453160012
1520531540503162012
1520531540553163012
1520531540603165012
1520531540653166012
1520531540703167012
1520531540752944942
1520531540802945942
1520531540852947942
1520531540902948942
1520531540952950942
1520531541002952942
1520531541052953942
1520531541102955942
1520531541153305152
1520531541203307152
1520531541253309152
1520531541303310152
1520531541353311152
1520531541403313152
1520531541453315152
1520531541503316152
1520531541553934924
1520531541603935924
1520531541653937924
1520531541703938924
1520531541753940924
1520531541803942924
1520531541853943924
1520531541903945924
1520531541953593801
1520531542003595801
1520531542053596801
1520531542103598801
1520531542153600801
1520531542203602801
1520531542253603801
1520531542303605801
1520531542353606801
1520531542404104030
1520531542454105030
1520531542504107030
1520531542554108030
1520531542604110030
1520531542654111030
1520531542704113030
1520531542754114030
1520531542804250065
1520531542854251065
1520531542904253065
1520531542954255065
1520531543004256065
1520531543054258065
1520531543104259065
1520531543154261065
1520531543202767047
1520531543252769047
1520531543302770047
1520531543352772047
1520531543402774047
1520531543452775047
1520531543502777047
1520531543552778047
1520531543603022644
1520531543653023644
1520531543703025644
1520531543753027644
1520531543803028644
1520531543853030644
1520531543903032644
1520531543953033644
1520531544003955626
1520531544053957626
1520531544103959626
1520531544153960626
1520531544203962626
1520531544253963626
1520531544303965626
1520531544354024626
1520531544403968626
1520531544454130819
1520531544504132819
1520531544554134819
1520531544604135819
1520531544654137819
1520531544704138819
1520531544754140819
1520531544804141819
1520531544853085293
1520531544903086293
1520531544953088293
1520531545003090293
1520531545053091293
1520531545103093293
1520531545153094293
1520531545203096293
1520531545253260872
1520531545303263872
1520531545353264872
1520531545403266872
1520531545453268872
1520531545503269872
1520531545553270872
1520531545603271872
1520531545653930784
1520531545703932784
1520531545753933784
1520531545803935784
1520531545853936784
1520531545903938784
1520531545953946784
1520531546003941784
1520531546052983766
1520531546102985766
1520531546152987766
1520531546202988766
1520531546252990766
1520531546302991766
1520531546352993766
1520531546402994766
1520531546452907433
1520531546502908433
1520531546552910433
1520531546602912433
1520531546652913433
1520531546702915433
1520531546752916433
1520531546802918433
1520531546852919433
1520531546903472451
1520531546953474451
1520531547003476451
1520531547053477451
1520531547103479451
1520531547153480451
1520531547203482451
1520531547253483451
1520531547303864679
1520531547353865679
1520531547403867679
1520531547453868679
1520531547503870679
1520531547553871679
1520531547603873679
1520531547653875679
1520531547703873030
1520531547753875030
1520531547803876030
1520531547853878030
1520531547903879030
1520531547953881030
1520531548003882030
1520531548053884030
1520531548104129521
1520531548154131521
1520531548204133521
1520531548254134521
1520531548304136521
1520531548354138521
1520531548404139521
1520531548454140521
1520531548504166872
1520531548554168872
1520531548604169872
1520531548654171872
1520531548704173872
1520531548754174872
1520531548804176872
1520531548854177872
1520531548903204626
1520531548953206626
1520531549003209626
1520531549053209626
1520531549103211626
1520531549153212626
1520531549203271626
1520531549253215626
1520531549303217626
1520531549353236591
1520531549403238591
1520531549453240591
1520531549503241591
1520531549553243591
1520531549603244591
1520531549653246591
1520531549703247591
1520531549754086994
1520531549804088994
1520531549854089994
1520531549904091994
1520531549954092994
1520531550004094994
1520531550054095994
1520531550104097994
1520531550153742801
1520531550203744801
1520531550253745801
1520531550303746801
1520531550353748801
1520531550403750801
1520531550453751801
1520531550503753801
1520531550553630240
1520531550603632240
1520531550653633240
1520531550703635240
1520531550753637240
1520531550803642240
1520531550853639240
1520531550903641240
1520531550954454521
1520531551004456521
1520531551054458521
1520531551104459521
1520531551154461521
1520531551204462521
1520531551254464521
1520531551304465521
1520531551354467521
1520531551403542223
1520531551453543223
1520531551503545223
1520531551553547223
1520531551603548223
1520531551653550223
1520531551703551223
1520531551753552223
1520531551803680608
1520531551853682608
1520531551903683608
1520531551953685608
1520531552003687608
1520531552053688608
1520531552103689608
1520531552153691608
1520531552204124205
1520531552254125205
1520531552304127205
1520531552354129205
1520531552404130205
1520531552454233205
1520531552504133205
1520531552554134205
1520531552603948415
1520531552653950415
1520531552703951415
1520531552753953415
1520531552803954415
1520531552853956415
1520531552903957415
1520531552953959415
1520531553004250538
1520531553054251538
1520531553104253538
1520531553154254538
1520531553204256538
1520531553254257538
1520531553304259538
1520531553354261538
1520531553404181994
1520531553454182994
1520531553504183994
1520531553554185994
1520531553604187994
1520531553654188994
1520531553704190994
1520531553754191994
1520531553804193994
1520531553853517240
1520531553903519240
1520531553953520240
1520531554003522240
1520531554053568240
1520531554103525240
1520531554153526240
1520531554203528240
1520531554253965749
1520531554303966749
1520531554353968749
1520531554403969749
1520531554453971749
1520531554503972749
1520531554553974749
1520531554603976749
1520531554654299082
1520531554704301082
1520531554754302082
1520531554804304082
1520531554854305082
1520531554904307082
1520531554954309082
1520531555004310082
1520531555053486187
1520531555103488187
1520531555153489187
1520531555203491187
1520531555253492187
1520531555303494187
1520531555353495187
1520531555403497187
1520531555454010047
1520531555504012047
1520531555554014047
1520531555604015047
1520531555654016047
1520531555704018047
1520531555754020047
1520531555804021047
1520531555854023047
1520531555904530924
1520531555954532924
1520531556004533924
1520531556054535924
1520531556104536924
1520531556154538924
1520531556204540924
1520531556254541924
1520531556304759994
1520531556354761994
1520531556404762994
1520531556454764994
1520531556504765994
1520531556554766994
1520531556604768994
1520531556654770994
1520531556703881837
1520531556753882837
1520531556803884837
1520531556853885837
1520531556903887837
1520531556953888837
1520531557003890837
1520531557053891837
1520531557103681135
1520531557153682135
1520531557203689135
1520531557253686135
1520531557303774135
1520531557353689135
1520531557403690135
1520531557453692135
1520531557504022679
1520531557554024679
1520531557604025679
1520531557654027679
1520531557704028679
1520531557754030679
1520531557804032679
1520531557854033679
1520531557903999398
1520531557954000398
1520531558004002398
1520531558054003398
1520531558104005398
1520531558154006398
1520531558204008398
1520531558254010398
1520531558304012398
1520531558353632837
1520531558403634837
1520531558453635837
1520531558503636837
1520531558553638837
1520531558603640837
1520531558653641837
1520531558703643837
1520531558753682170
1520531558803684170
1520531558853686170
1520531558903714170
1520531558953688170
1520531559003690170
1520531559053692170
1520531559103693170
1520531559154450538
1520531559204451538
1520531559254453538
1520531559304454538
1520531559354456538
1520531559404458538
1520531559454459538
1520531559504461538
1520531559554053854
1520531559604054854
1520531559654056854
1520531559704057854
1520531559754058854
1520531559804060854
1520531559854062854
1520531559904063854
1520531559953638977
1520531560003640977
1520531560053641977
1520531560103642977
1520531560153645977
1520531560203646977
1520531560253647977
1520531560303649977
1520531560353947065
1520531560403948065
1520531560453949065
1520531560503951065
1520531560553952065
1520531560603954065
1520531560653956065
1520531560703957065
1520531560753959065
1520531560805086380
1520531560855088380
1520531560905089380
1520531560955091380
1520531561005093380
1520531561055094380
1520531561105096380
1520531561155097380
1520531561205199661
1520531561255200661
1520531561305202661
1520531561355203661
1520531561405205661
1520531561455207661
1520531561505208661
1520531561555210661
1520531561603778679
1520531561653780679
1520531561703782679
1520531561753784679
1520531561803785679
1520531561853786679
1520531561903788679
1520531561953791679
1520531562003621714
1520531562053622714
1520531562103624714
1520531562153687714
1520531562203627714
1520531562253629714
1520531562303630714
1520531562353632714
1520531562404977994
1520531562454979994
1520531562504980994
1520531562554982994
1520531562604984994
1520531562654985994
1520531562704987994
1520531562754988994
1520531562804990994
1520531562853879854
1520531562903881854
1520531562953882854
1520531563003884854
1520531563053886854
1520531563103887854
1520531563153889854
1520531563203891854
1520531563253682468
1520531563303683468
1520531563353685468
1520531563403687468
1520531563453688468
1520531563503690468
1520531563553692468
1520531563603693468
1520531563654835661
1520531563704837661
1520531563754842661
1520531563804840661
1520531563854842661
1520531563904843661
1520531563954845661
1520531564004846661
1520531564055036310
1520531564105037310
1520531564155039310
1520531564205041310
1520531564255042310
1520531564305044310
1520531564355045310
1520531564405047310
1520531564453917854
1520531564503919854
1520531564553920854
1520531564603922854
1520531564653924854
1520531564703925854
1520531564753927854
1520531564803929854
1520531564854037801
1520531564904039801
1520531564954041801
1520531565004042801
1520531565054043801
1520531565104045801
1520531565154047801
1520531565204048801
1520531565254049801
1520531565304619942
1520531565354621942
1520531565404718942
1520531565454624942
1520531565504625942
1520531565554627942
1520531565604628942
1520531565654630942
1520531565703729837
1520531565753731837
1520531565803733837
1520531565853734837
1520531565903736837
1520531565953737837
1520531566003739837
1520531566053740837
1520531566103856100
1520531566153857100
1520531566203859100
1520531566253861100
1520531566303862100
1520531566353864100
1520531566403866100
1520531566453867100
1520531566504906556
1520531566554909556
1520531566604910556
1520531566654914556
1520531566704913556
1520531566754915556
1520531566804916556
1520531566854919556
1520531566904632608
1520531566954634608
1520531567004666608
1520531567054637608
1520531567104638608
1520531567154640608
1520531567204641608
1520531567254643608
1520531567304644608
1520531567353626468
1520531567403628468
1520531567453629468
1520531567503631468
1520531567553632468
1520531567603634468
1520531567653635468
1520531567703637468
1520531567754099521
1520531567804101521
1520531567854103521
1520531567904104521
1520531567954106521
1520531568004108521
1520531568054109521
1520531568104111521
1520531568154435205
1520531568204436205
1520531568254437205
1520531568304439205
1520531568354440205
1520531568404442205
1520531568454443205
1520531568504446205
1520531568554447398
1520531568604449398
1520531568654451398
1520531568704452398
1520531568754454398
1520531568804455398
1520531568854457398
1520531568904458398
1520531568954123907
1520531569004125907
1520531569054126907
1520531569104128907
1520531569154129907
1520531569204131907
1520531569254132907
1520531569304134907
1520531569353812345
1520531569403813345
1520531569453815345
1520531569503817345
1520531569553818345
1520531569603820345
1520531569653822345
1520531569703823345
1520531569753825345
1520531569803794065
1520531569853796065
1520531569903797065
1520531569953798065
1520531570003800065
1520531570053802065
1520531570103803065
1520531570153805065
1520531570204611749
1520531570254668749
1520531570304614749
1520531570354616749
1520531570404617749
1520531570454619749
1520531570504620749
1520531570554622749
1520531570604608608
1520531570654609608
1520531570704611608
1520531570754612608
1520531570804614608
1520531570854615608
1520531570904617608
1520531570954619608
1520531571003943065
1520531571053945065
1520531571103946065
1520531571153948065
1520531571203949065
1520531571253951065
1520531571303953065
1520531571353955065
1520531571404123714
1520531571454124714
1520531571504126714
1520531571554128714
1520531571604129714
1520531571654131714
1520531571704132714
1520531571754133714
1520531571804753679
1520531571854756679
1520531571904756679
1520531571954758679
1520531572004759679
1520531572054761679
1520531572104762679
1520531572154764679
1520531572204766679
1520531572254747398
1520531572304749398
1520531572354750398
1520531572404752398
1520531572454753398
1520531572504755398
1520531572554756398
1520531572604758398
1520531572654096749
1520531572704097749
1520531572754099749
1520531572804101749
1520531572854103749
1520531572904104749
1520531572954106749
1520531573004107749
1520531573054202433
1520531573104204433
1520531573154206433
1520531573204207433
1520531573254209433
1520531573304210433
1520531573354212433
1520531573404213433
1520531573455000696
1520531573505076696
1520531573555003696
1520531573605004696
1520531573655006696
1520531573705007696
1520531573755009696
1520531573805011696
1520531573855211152
1520531573905213152
1520531573955214152
1520531574005216152
1520531574055217152
1520531574105219152
1520531574155221152
1520531574205222152
1520531574255224152
1520531574304246082
1520531574354247082
1520531574404248082
1520531574454250082
1520531574504252082
1520531574554253082
1520531574604255082
1520531574654257082
1520531574704225240
1520531574754227240
1520531574804228240
1520531574854229240
1520531574904231240
1520531574954233240
1520531575004234240
1520531575054236240
1520531575104862766
1520531575154857766
1520531575204858766
1520531575254860766
1520531575304861766
1520531575354863766
1520531575404865766
1520531575454866766
1520531575504359644
1520531575554360644
1520531575604362644
1520531575654363644
1520531575704365644
1520531575754366644
1520531575804368644
1520531575854370644
1520531575904117258
1520531575954119258
1520531576004121258
1520531576054122258
1520531576104123258
1520531576154125258
1520531576204127258
1520531576254129258
1520531576304316801
1520531576354317801
1520531576404318801
1520531576454319801
1520531576504321801
1520531576554322801
1520531576604324801
1520531576654326801
1520531576704327801
1520531576754572942
1520531576804482942
1520531576854484942
1520531576904485942
1520531576954487942
1520531577004489942
1520531577054490942
1520531577104492942
1520531577154098293
1520531577204100293
1520531577254101293
1520531577304103293
1520531577354105293
1520531577404106293
1520531577454108293
1520531577504109293
1520531577554241328
1520531577604242328
1520531577654244328
1520531577704246328
1520531577754248328
1520531577804249328
1520531577854250328
1520531577904252328
1520531577954770398
1520531578004771398
1520531578054773398
1520531578104774398
1520531578154775398
1520531578204777398
1520531578254779398
1520531578304780398
1520531578354077889
1520531578404059889
1520531578454061889
1520531578504062889
1520531578554064889
1520531578604066889
1520531578654067889
1520531578704069889
1520531578754126819
1520531578803937591
1520531578853938591
1520531578903940591
1520531578953942591
1520531579003943591
1520531579053945591
1520531579103946591
1520531579153948591
1520531579204224679
1520531579254226679
1520531579304227679
1520531579354230679
1520531579404231679
1520531579454232679
1520531579504234679
1520531579554236679
1520531579604369959
1520531579654370959
1520531579704373959
1520531579754374959
1520531579804375959
1520531579854377959
1520531579904378959
1520531579954380959
1520531580004545924
1520531580054445924
1520531580104446924
1520531580154448924
1520531580204450924
1520531580254451924
1520531580304453924
1520531580354454924
1520531580404574749
1520531580454575749
1520531580504577749
1520531580554578749
1520531580604580749
1520531580654582749
1520531580704583749
1520531580754585749
1520531580804434328
1520531580854436328
1520531580904437328
1520531580954439328
1520531581004441328
1520531581054443328
1520531581104444328
1520531581154446328
1520531581204447328
1520531581254300293
1520531581304300293
1520531581354301293
1520531581404303293
1520531581454308293
1520531581504306293
1520531581554308293
1520531581604342293
1520531581654117819
1520531581704118819
1520531581754120819
1520531581804122819
1520531581854123819
1520531581904125819
1520531581954126819
1520531582004128819
1520531582054306942
1520531582104308942
1520531582154309942
1520531582204311942
1520531582254313942
1520531582304314942
1520531582354316942
1520531582404317942
1520531582454650047
1520531582504651047
1520531582554653047
1520531582604655047
1520531582654657047
1520531582704658047
1520531582754660047
1520531582804661047
1520531582854548451
1520531582904549451
1520531582954551451
1520531583004552451
1520531583054554451
1520531583104555451
1520531583154557451
1520531583204558451
1520531583254584451
1520531583304585451
1520531583354587451
1520531583404589451
1520531583454590451
1520531583504592451
1520531583554593451
1520531583604595451
1520531583654596451
1520531583704709819
1520531583754710819
1520531583804712819
1520531583854714819
1520531583904715819
1520531583954717819
1520531584004718819
1520531584054720819
1520531584105122100
1520531584155124100
1520531584205126100
1520531584255128100
1520531584305129100
1520531584355131100
1520531584405132100
1520531584455134100
1520531584505538994
1520531584555538994
1520531584605539994
1520531584655541994
1520531584705542994
1520531584755544994
1520531584805545994
1520531584855588994
1520531584905121205
1520531584955123205
1520531585005125205
1520531585055126205
1520531585105128205
1520531585155129205
1520531585205131205
1520531585255132205
1520531585304393573
1520531585354394573
1520531585404396573
1520531585454398573
1520531585504399573
1520531585554401573
1520531585604402573
1520531585654404573
1520531585704278486
1520531585754280486
1520531585804282486
1520531585854284486
1520531585904285486
1520531585954287486
1520531586004288486
1520531586054290486
1520531586104291486
1520531586155206749
1520531586205207749
1520531586255209749
1520531586305210749
1520531586355213749
1520531586405213749
1520531586455215749
1520531586505216749
1520531586555445907
1520531586605447907
1520531586655448907
1520531586705450907
1520531586755451907
1520531586805453907
1520531586855454907
1520531586905456907
1520531586955259380
1520531587005261380
1520531587055263380
1520531587105264380
1520531587155266380
1520531587205267380
1520531587255269380
1520531587305270380
1520531587354459749
1520531587404461749
1520531587454463749
1520531587504464749
1520531587554466749
1520531587604467749
1520531587654469749
1520531587704471749
1520531587754698082
1520531587804699082
1520531587854701082
1520531587904703082
1520531587954704082
1520531588004706082
1520531588054707082
1520531588104760082
1520531588154710082
1520531588205147591
1520531588255148591
1520531588305150591
1520531588355151591
1520531588405153591
1520531588455154591
1520531588505156591
1520531588555157591
1520531588605278679
1520531588655280679
1520531588705281679
1520531588755283679
1520531588805284679
1520531588855286679
1520531588905287679
1520531588955289679
1520531589004758837
1520531589054760837
1520531589104761837
1520531589154763837
1520531589204764837
1520531589254766837
1520531589304767837
1520531589354768837
1520531589404567819
1520531589454569819
1520531589504570819
1520531589554572819
1520531589604573819
1520531589654575819
1520531589704577819
1520531589754578819
1520531589805774644
1520531589855775644
1520531589905777644
1520531589955778644
1520531590005780644
1520531590055781644
1520531590105783644
1520531590155784644
1520531590205007205
1520531590255009205
1520531590305010205
1520531590355012205
1520531590405013205
1520531590455015205
1520531590505016205
1520531590555018205
1520531590605020205
1520531590654334959
1520531590704336959
1520531590754338959
1520531590804339959
1520531590854341959
1520531590904343959
1520531590954343959
1520531591004345959
1520531591054807819
1520531591104808819
1520531591154811819
1520531591204812819
1520531591254813819
1520531591304815819
1520531591354876819
1520531591404818819
1520531591455760030
1520531591505762030
1520531591555763030
1520531591605765030
1520531591655766030
1520531591705768030
1520531591755769030
1520531591805771030
1520531591855269591
1520531591905270591
1520531591955272591
1520531592005273591
1520531592055275591
1520531592105276591
1520531592155278591
1520531592205280591
1520531592254349521
1520531592304351521
1520531592354353521
1520531592404354521
1520531592454356521
1520531592504358521
1520531592554359521
1520531592604361521
1520531592654463152
1520531592704464152
1520531592754466152
1520531592804468152
1520531592854469152
1520531592904470152
1520531592954473152
1520531593004474152
1520531593054475152
1520531593105194837
1520531593155195837
1520531593205197837
1520531593255198837
1520531593305200837
1520531593355201837
1520531593405203837
1520531593455205837
1520531593504661293
1520531593554663293
1520531593604665293
1520531593654666293
1520531593704667293
1520531593754669293
1520531593804671293
1520531593854672293
1520531593904390433
1520531593954392433
1520531594004393433
1520531594054395433
1520531594104397433
1520531594154398433
1520531594204400433
1520531594254401433
1520531594304856889
1520531594354858889
1520531594404860889
1520531594454861889
1520531594504865889
1520531594554864889
1520531594604929889
1520531594654867889
1520531594705763012
1520531594755764012
1520531594805766012
1520531594855767012
1520531594905769012
1520531594955770012
1520531595005772012
1520531595055774012
1520531595105775012
1520531595156096310
1520531595206097310
1520531595256099310
1520531595306100310
1520531595356102310
1520531595406104310
1520531595456105310
1520531595506107310
1520531595555385854
1520531595605387854
1520531595655389854
1520531595705390854
1520531595755392854
1520531595805393854
1520531595855395854
1520531595905396854
1520531595955901872
1520531596005903872
1520531596055904872
1520531596105906872
1520531596155907872
1520531596205910872
1520531596255910872
1520531596305912872
1520531596355091135
1520531596405093135
1520531596455094135
1520531596505096135
1520531596555097135
1520531596605099135
1520531596655101135
1520531596705102135
1520531596754574731
1520531596804575731
1520531596854577731
1520531596904578731
1520531596954580731
1520531597004582731
1520531597054583731
1520531597104585731
1520531597155223644
1520531597205225644
1520531597255227644
1520531597305228644
1520531597355230644
1520531597405232644
1520531597455234644
1520531597505235644
1520531597555236644
1520531597605487696
1520531597655489696
1520531597705490696
1520531597755491696
1520531597805493696
1520531597855568696
1520531597905496696
1520531597955497696
1520531598006020328
1520531598056021328
1520531598106023328
1520531598156024328
1520531598206026328
1520531598256028328
1520531598306029328
1520531598356031328
1520531598404800889
1520531598454802889
1520531598504803889
1520531598554805889
1520531598604807889
1520531598654808889
1520531598704810889
1520531598754811889
1520531598804472556
1520531598854474556
1520531598904475556
1520531598954477556
1520531599004479556
1520531599054481556
1520531599104481556
1520531599154483556
1520531599204566959
1520531599254567959
1520531599304568959
1520531599354570959
1520531599404572959
1520531599454574959
1520531599504575959
1520531599554576959
1520531599604578959
1520531599654866486
1520531599704868486
1520531599754869486
1520531599804871486
1520531599854873486
1520531599904874486
1520531599954876486
1520531600004877486
1520531600054561521
1520531600104563521
1520531600154564521
1520531600204566521
1520531600254567521
1520531600304569521
1520531600354570521
1520531600404572521
1520531600454763082
1520531600504765082
1520531600554766082
1520531600604767082
1520531600654769082
1520531600704771082
1520531600754772082
1520531600804774082
1520531600854727644
1520531600904729644
1520531600954730644
1520531601004733644
1520531601054733644
1520531601104814644
1520531601154736644
1520531601204738644
1520531601254782942
1520531601304784942
1520531601354786942
1520531601404787942
1520531601454789942
1520531601504790942
1520531601554792942
1520531601604793942
1520531601654860293
1520531601704862293
1520531601754863293
1520531601804865293
1520531601854866293
1520531601904868293
1520531601954869293
1520531602004871293
1520531602054873293
1520531602104881731
1520531602154883731
1520531602204884731
1520531602254886731
1520531602304888731
1520531602354889731
1520531602404891731
1520531602454896731
1520531602504926573
1520531602554929573
1520531602604930573
1520531602654931573
1520531602704940573
1520531602754934573
1520531602804936573
1520531602854938573
1520531602904969258
1520531602954971258
1520531603004972258
1520531603054974258
1520531603104975258
1520531603154977258
1520531603204978258
1520531603254980258
1520531603305079573
1520531603355081573
1520531603405083573
1520531603455084573
1520531603505086573
1520531603555087573
1520531603605089573
1520531603655090573
1520531603705043819
1520531603755043819
1520531603805046819
1520531603855047819
1520531603905049819
1520531603955051819
1520531604005051819
1520531604055053819
1520531604105022889
1520531604155028889
1520531604205026889
1520531604255027889
1520531604305029889
1520531604355120889
1520531604405032889
1520531604455033889
1520531604505035889
1520531604554904047
1520531604604906047
1520531604654908047
1520531604704909047
1520531604754911047
1520531604804912047
1520531604854914047
1520531604904915047
1520531604954842661
1520531605004844661
1520531605054845661
1520531605104847661
1520531605154848661
1520531605204850661
1520531605254851661
1520531605304854661
1520531605354970889
1520531605404972889
1520531605454973889
1520531605504975889
1520531605554976889
1520531605604978889
1520531605654979889
1520531605704981889
1520531605755156433
1520531605805158433
1520531605855159433
1520531605905161433
1520531605955178433
1520531606005164433
1520531606055165433
1520531606105167433
1520531606155128030
1520531606205129030
1520531606255131030
1520531606305132030
1520531606355134030
1520531606405135030
1520531606455137030
1520531606505138030
1520531606555140030
1520531606605036837
1520531606655037837
1520531606705039837
1520531606755040837
1520531606805042837
1520531606855043837
1520531606905046837
1520531606955047837
1520531607005409977
1520531607055410977
1520531607105412977
1520531607155413977
1520531607205415977
1520531607255416977
1520531607305417977
1520531607355419977
1520531607405609977
1520531607455606977
1520531607505608977
1520531607555609977
1520531607605710977
1520531607655612977
1520531607705614977
1520531607755616977
1520531607805500924
1520531607855502924
1520531607905503924
1520531607955505924
1520531608005506924
1520531608055508924
1520531608105509924
1520531608155511924
1520531608205286345
1520531608255287345
1520531608305289345
1520531608355290345
1520531608405292345
1520531608455293345
1520531608505295345
1520531608555297345
1520531608605303626
1520531608655304626
1520531608705305626
1520531608755307626
1520531608805309626
1520531608855310626
1520531608905312626
1520531608955313626
1520531609005315626
1520531609055308223
1520531609105309223
1520531609155311223
1520531609205342223
1520531609255313223
1520531609305315223
1520531609355317223
1520531609405318223
1520531609455275872
1520531609505276872
1520531609555278872
1520531609605279872
1520531609655281872
1520531609705282872
1520531609755284872
1520531609805286872
1520531609855305345
