1520530962750148976
1520530962800150976
1520530962850151976
1520530962900153976
1520530962950155976
1520530963000157818
1520530963050159818
1520530963100160818
1520530963150162818
1520530963200163818
1520530963250166818
1520530963300167818
1520530963350169818
1520530963400187520
1520530963450188520
1520530963500190520
1520530963550192520
1520530963600193520
1520530963650195520
1520530963700197520
1520530963750198520
1520530963800219239
1520530963850221239
1520530963900270239
1520530963950224239
1520530964000225239
1520530964050227239
1520530964100228239
1520530964150230239
1520530964200250415
1520530964250251415
1520530964300253415
1520530964350254415
1520530964400256415
1520530964450257415
1520530964500259415
1520530964550260415
1520530964600252029
1520530964650302590
1520530964700303590
1520530964750305590
1520530964800306590
1520530964850308590
1520530964900310590
1520530964950311590
1520530965000313590
1520530965050293274
1520530965100294274
1520530965150295274
1520530965200297274
1520530965250298274
1520530965300300274
1520530965350301274
1520530965400303274
1520530965450306187
1520530965500314187
1520530965550309187
1520530965600310187
1520530965650312187
1520530965700313187
1520530965750315187
1520530965800317187
1520530965850328783
1520530965900330783
1520530965950331783
1520530966000333783
1520530966050334783
1520530966100336783
1520530966150338783
1520530966200339783
1520530966250353573
1520530966300354573
1520530966350356573
1520530966400357573
1520530966450359573
1520530966500361573
1520530966550362573
1520530966600365573
1520530966650339467
1520530966700341467
1520530966750343467
1520530966800344467
1520530966850345467
1520530966900348467
1520530966950349467
1520530967000350467
1520530967050352467
1520530967100196485
1520530967150194485
1520530967200195485
1520530967250197485
1520530967300198485
1520530967350200485
1520530967400202485
1520530967450203485
1520530967500069976
1520530967550070976
1520530967600072976
1520530967650073976
1520530967700075976
1520530967750077976
1520530967800078976
1520530967850080976
1520530967900036152
1520530967950038152
1520530968000039152
1520530968050041152
1520530968100043152
1520530968150045152
1520530968200046152
1520530968250047152
1520530968300314555
1520530968350315555
1520530968400317555
1520530968450319555
1520530968500320555
1520530968550322555
1520530968600323555
1520530968650325555
1520530968700678345
1520530968750758345
1520530968800681345
1520530968850683345
1520530968900684345
1520530968950686345
1520530969000688345
1520530969050689345
1520530969100153660
1520530969150154660
1520530969200156660
1520530969250157660
1520530969300159660
1520530969350161660
1520530969400162660
1520530969450164660
1520530969500165660
1520530969550135590
1520530969600136590
1520530969650138590
1520530969700140590
1520530969750141590
1520530969800143590
1520530969850145590
1520530969900146590
1520530969950598608
1520530970000600608
1520530970050602608
1520530970100604608
1520530970150605608
1520530970200608608
1520530970250608608
1520530970300609608
1520530970351098309
1520530970401066309
1520530970451067309
1520530970501069309
1520530970551070309
1520530970601072309
1520530970651073309
1520530970701075309
1520530970750897643
1520530970800899643
1520530970850900643
1520530970900902643
1520530970950904643
1520530971000905643
1520530971050907643
1520530971100908643
1520530971150838573
1520530971200839573
1520530971250841573
1520530971300843573
1520530971350844573
1520530971400846573
1520530971450847573
1520530971500849573
1520530971550717239
1520530971600719239
1520530971650721239
1520530971700722239
1520530971750724239
1520530971800726239
1520530971850727239
1520530971900728239
1520530971950730239
1520530972001129695
1520530972051131695
1520530972101132695
1520530972151134695
1520530972201136695
1520530972251137695
1520530972301139695
1520530972351140695
1520530972400723327
1520530972450724327
1520530972500726327
1520530972550727327
1520530972600729327
1520530972650731327
1520530972700732327
1520530972750734327
1520530972800485573
1520530972850487573
1520530972900489573
1520530972950491573
1520530973000492573
1520530973050494573
1520530973100495573
1520530973150497573
1520530973200707502
1520530973250708502
1520530973300709502
1520530973350711502
1520530973400713502
1520530973450714502
1520530973500715502
1520530973550717502
1520530973600753467
1520530973650658467
1520530973700659467
1520530973750661467
1520530973800663467
1520530973850664467
1520530973900666467
1520530973950667467
1520530974000669467
1520530974050811871
1520530974100813871
1520530974150814871
1520530974200816871
1520530974250818871
1520530974300819871
1520530974350821871
1520530974400822871
1520530974450378345
1520530974500379345
1520530974550382345
1520530974600383345
1520530974650384345
1520530974700386345
1520530974750388345
1520530974800389345
1520530974850712678
1520530974900713678
1520530974950715678
1520530975000716678
1520530975050718678
1520530975100719678
1520530975150721678
1520530975200774678
1520530975251275345
1520530975301276345
1520530975351278345
1520530975401280345
1520530975451281345
1520530975501283345
1520530975551284345
1520530975601286345
1520530975651372046
1520530975701374046
1520530975751375046
1520530975801377046
1520530975851379046
1520530975901380046
1520530975951382046
1520530976001383046
1520530976051167081
1520530976101168081
1520530976151170081
1520530976201172081
1520530976251174081
1520530976301175081
1520530976351177081
1520530976401178081
1520530976451179081
1520530976500535818
1520530976550536818
1520530976600539818
1520530976650540818
1520530976700541818
1520530976750543818
1520530976800550818
1520530976850546818
1520530976900709713
1520530976950711713
1520530977000713713
1520530977050714713
1520530977100716713
1520530977150717713
1520530977200719713
1520530977250720713
1520530977300858923
1520530977350859923
1520530977400861923
1520530977450863923
1520530977500864923
1520530977550866923
1520530977600868923
1520530977650869923
1520530977701274309
1520530977751275309
1520530977801277309
1520530977851279309
1520530977901280309
1520530977951281309
1520530978001283309
1520530978051285309
1520530978101435362
1520530978151437362
1520530978201438362
1520530978251440362
1520530978301441362
1520530978351443362
1520530978401445362
1520530978451446362
1520530978501447362
1520530978550911678
1520530978600913678
1520530978650914678
1520530978700916678
1520530978750917678
1520530978800919678
1520530978850920678
1520530978900922678
1520530978950455116
1520530979000457116
1520530979050459116
1520530979100460116
1520530979150462116
1520530979200463116
1520530979250465116
1520530979300466116
1520530979350666292
1520530979400668292
1520530979450670292
1520530979500672292
1520530979550673292
1520530979600674292
1520530979650676292
1520530979700677292
1520530979750650222
1520530979800652222
1520530979850654222
1520530979900655222
1520530979950657222
1520530980000659222
1520530980050726222
1520530980100661222
1520530980151138590
1520530980201140590
1520530980251141590
1520530980301143590
1520530980351144590
1520530980401146590
1520530980451147590
1520530980501149590
1520530980550913116
1520530980600915116
1520530980650917116
1520530980700918116
1520530980750920116
1520530980800921116
1520530980850923116
1520530980900925116
1520530980950926116
1520530981000873801
1520530981050875801
1520530981100876801
1520530981150878801
1520530981200879801
1520530981250881801
1520530981300882801
1520530981350883801
1520530981400852467
1520530981450854467
1520530981500855467
1520530981550857467
1520530981600858467
1520530981650878467
1520530981700861467
1520530981750863467
1520530981800825257
1520530981850826257
1520530981900828257
1520530981950829257
1520530982000831257
1520530982050832257
1520530982100834257
1520530982150835257
1520530982200896766
1520530982250898766
1520530982300899766
1520530982350901766
1520530982400902766
1520530982450904766
1520530982500905766
1520530982550907766
1520530982600564292
1520530982650566292
1520530982700567292
1520530982750569292
1520530982800570292
1520530982850572292
1520530982900573292
1520530982950575292
1520530983000482538
1520530983050484538
1520530983100486538
1520530983150490538
1520530983200488538
1520530983250493538
1520530983300491538
1520530983350493538
1520530983400495538
1520530983451657450
1520530983501659450
1520530983551660450
1520530983601662450
1520530983651663450
1520530983701665450
1520530983751666450
1520530983801668450
1520530983850759783
1520530983900760783
1520530983950762783
1520530984000763783
1520530984050765783
1520530984100767783
1520530984150768783
1520530984200770783
1520530984250844222
1520530984300845222
1520530984350847222
1520530984400848222
1520530984450849222
1520530984500852222
1520530984550853222
1520530984600855222
1520530984650912713
1520530984700914713
1520530984750915713
1520530984800918713
1520530984850918713
1520530984901001713
1520530984950921713
1520530985000923713
1520530985051023029
1520530985101025029
1520530985151026029
1520530985201028029
1520530985251029029
1520530985301031029
1520530985351032029
1520530985401034029
1520530985451036029
1520530985500857941
1520530985550859941
1520530985600860941
1520530985650862941
1520530985700863941
1520530985750865941
1520530985800867941
1520530985850868941
1520530985900930450
1520530985950932450
1520530986000933450
1520530986050935450
1520530986100936450
1520530986150942450
1520530986200939450
1520530986250941450
1520530986300811432
1520530986350813432
1520530986400815432
1520530986450816432
1520530986500857432
1520530986550819432
1520530986600821432
1520530986650822432
1520530986700825976
1520530986750826976
1520530986800828976
1520530986850829976
1520530986900831976
1520530986950832976
1520530987000834976
1520530987050836976
1520530987100940853
1520530987150942853
1520530987200944853
1520530987250945853
1520530987300946853
1520530987350948853
1520530987400950853
1520530987450951853
1520530987501047818
1520530987551049818
1520530987601050818
1520530987651051818
1520530987701054818
1520530987751055818
1520530987801057818
1520530987851058818
1520530987901059818
1520530987951246309
1520530988001247309
1520530988051249309
1520530988101250309
1520530988151252309
1520530988201254309
1520530988251255309
1520530988301257309
1520530988351138099
1520530988401140099
1520530988451141099
1520530988501143099
1520530988551144099
1520530988601146099
1520530988651148099
1520530988701149099
1520530988751138187
1520530988801139187
1520530988851141187
1520530988901142187
1520530988951144187
1520530989001146187
1520530989051147187
1520530989101149187
1520530989151386134
1520530989201387134
1520530989251389134
1520530989301391134
1520530989351392134
1520530989401394134
1520530989451395134
1520530989501396134
1520530989551818204
1520530989601820204
1520530989651821204
1520530989701822204
1520530989751824204
1520530989801826204
1520530989851827204
1520530989901829204
1520530989951830204
1520530990001911152
1520530990051912152
1520530990101914152
1520530990151915152
1520530990201917152
1520530990251919152
1520530990301920152
1520530990351922152
1520530990401801608
1520530990451803608
1520530990501804608
1520530990551806608
1520530990601808608
1520530990651810608
1520530990701811608
1520530990751813608
1520530990801410695
1520530990851411695
1520530990901412695
1520530990951414695
1520530991001416695
1520530991051417695
1520530991101419695
1520530991151421695
1520530991201190555
1520530991251191555
1520530991301192555
1520530991351257555
1520530991401196555
1520530991451197555
1520530991501199555
1520530991551200555
1520530991601253713
1520530991651254713
1520530991701256713
1520530991751257713
1520530991801259713
1520530991851261713
1520530991901262713
1520530991951264713
1520530992001116871
1520530992051118871
1520530992101119871
1520530992151121871
1520530992201123871
1520530992251124871
1520530992301126871
1520530992351128871
1520530992401129871
1520530992451363169
1520530992501365169
1520530992551366169
1520530992601368169
1520530992651369169
1520530992701371169
1520530992751372169
1520530992801374169
1520530992852113415
1520530992902115415
1520530992952131415
1520530993002118415
1520530993052119415
1520530993102121415
1520530993152122415
1520530993202124415
1520530993252950046
1520530993302952046
1520530993352953046
1520530993402955046
1520530993452957046
1520530993502958046
1520530993552960046
1520530993602961046
1520530993652825713
1520530993702827713
1520530993752828713
1520530993802830713
1520530993852831713
1520530993902833713
1520530993952835713
1520530994002836713
1520530994051693380
1520530994101695380
1520530994151696380
1520530994201697380
1520530994251699380
1520530994301700380
1520530994351702380
1520530994401704380
1520530994451284748
1520530994501285748
1520530994551289748
1520530994601289748
1520530994651290748
1520530994701292748
1520530994751293748
1520530994801295748
1520530994851296748
1520530994901285836
1520530994951286836
1520530995001288836
1520530995051290836
1520530995101291836
1520530995151293836
1520530995201294836
1520530995251296836
1520530995301562257
1520530995351564257
1520530995401566257
1520530995451567257
1520530995501569257
1520530995551571257
1520530995601572257
1520530995651574257
1520530995701540590
1520530995751542590
1520530995801544590
1520530995851545590
1520530995901546590
1520530995951548590
1520530996001550590
1520530996051551590
1520530996101683555
1520530996151684555
1520530996201760555
1520530996251687555
1520530996301689555
1520530996351690555
1520530996401692555
1520530996451693555
1520530996502005871
1520530996552006871
1520530996602008871
1520530996652010871
1520530996702011871
1520530996752013871
1520530996802014871
1520530996852016871
1520530996902017871
1520530996952113415
1520530997002115415
1520530997052116415
1520530997102118415
1520530997152119415
1520530997202121415
1520530997252123415
1520530997302125415
1520530997352107888
1520530997402108888
1520530997452110888
1520530997502111888
1520530997552113888
1520530997602115888
1520530997652116888
1520530997702118888
1520530997752083888
1520530997802111888
1520530997852086888
1520530997902088888
1520530997952089888
1520530998002091888
1520530998052092888
1520530998102094888
1520530998151650064
1520530998201652064
1520530998251654064
1520530998301655064
1520530998351657064
1520530998401658064
1520530998451660064
1520530998501661064
1520530998551467485
1520530998601469485
1520530998651470485
1520530998701472485
1520530998751474485
1520530998801476485
1520530998851477485
1520530998901478485
1520530998951526239
1520530999001528239
1520530999051529239
1520530999101530239
1520530999151532239
1520530999201533239
1520530999251535239
1520530999301537239
1520530999351538239
1520530999401337906
1520530999451335906
1520530999501337906
1520530999551338906
1520530999601340906
1520530999651341906
1520530999701343906
1520530999751344906
1520530999801661152
1520530999851663152
1520530999901664152
1520530999951666152
1520531000001667152
1520531000051669152
1520531000101670152
1520531000151672152
1520531000202604748
1520531000252605748
1520531000302607748
1520531000352609748
1520531000402610748
1520531000452612748
1520531000502613748
1520531000552615748
1520531000603373397
1520531000653374397
1520531000703375397
1520531000753377397
1520531000803378397
1520531000853380397
1520531000903382397
1520531000953383397
1520531001002923432
1520531001053002432
1520531001102926432
1520531001152928432
1520531001202929432
1520531001252930432
1520531001302932432
1520531001352934432
1520531001402935432
1520531001451880520
1520531001501881520
1520531001551883520
1520531001601884520
1520531001651886520
1520531001701887520
1520531001751889520
1520531001801891520
1520531001851576660
1520531001901578660
1520531001951579660
1520531002001581660
1520531002051583660
1520531002101585660
1520531002151586660
1520531002201588660
1520531002251706643
1520531002301707643
1520531002351709643
1520531002401711643
1520531002451712643
1520531002501714643
1520531002551715643
1520531002601717643
1520531002651933695
1520531002701909695
1520531002751910695
1520531002801912695
1520531002851913695
1520531002901915695
1520531002951917695
1520531003001918695
1520531003051766309
1520531003101767309
1520531003151769309
1520531003201770309
1520531003251772309
1520531003301773309
1520531003351775309
1520531003401777309
1520531003451984274
1520531003501986274
1520531003551987274
1520531003601989274
1520531003651991274
1520531003701992274
1520531003751994274
1520531003801995274
1520531003851998274
1520531003902288660
1520531003952290660
1520531004002291660
1520531004052293660
1520531004102295660
1520531004152296660
1520531004202298660
1520531004252302660
1520531004302355064
1520531004352356064
1520531004402358064
1520531004452359064
1520531004502361064
1520531004552362064
1520531004602364064
1520531004652366064
1520531004702327134
1520531004752329134
1520531004802330134
1520531004852332134
1520531004902333134
1520531004952335134
1520531005002337134
1520531005052338134
1520531005102172836
1520531005152173836
1520531005202175836
1520531005252177836
1520531005302179836
1520531005352179836
1520531005402182836
1520531005452183836
1520531005501910257
1520531005551911257
1520531005601913257
1520531005651914257
1520531005701916257
1520531005751917257
1520531005801919257
1520531005851920257
1520531005901850257
1520531005951775257
1520531006001777257
1520531006051778257
1520531006101780257
1520531006151781257
1520531006201783257
1520531006251785257
1520531006301786257
1520531006351827415
1520531006401828415
1520531006451830415
1520531006501831415
1520531006551833415
1520531006601835415
1520531006651836415
1520531006701838415
1520531006751679695
1520531006801681695
1520531006851683695
1520531006901684695
1520531006951686695
1520531007001687695
1520531007051689695
1520531007101691695
1520531007151995222
1520531007201996222
1520531007252001222
1520531007302000222
1520531007352001222
1520531007402003222
1520531007452004222
1520531007502028222
1520531007553017678
1520531007603019678
1520531007653020678
1520531007703022678
1520531007753023678
1520531007803025678
1520531007853027678
1520531007903028678
1520531007953595590
1520531008003596590
1520531008053598590
1520531008103599590
1520531008153601590
1520531008203603590
1520531008253604590
1520531008303606590
1520531008353607590
1520531008403474292
1520531008453476292
1520531008503478292
1520531008553479292
1520531008603480292
1520531008653482292
1520531008703484292
1520531008753485292
1520531008802728046
1520531008852730046
1520531008902732046
1520531008952733046
1520531009002735046
1520531009052736046
1520531009102738046
1520531009152739046
1520531009202096485
1520531009252097485
1520531009302099485
1520531009352100485
1520531009402102485
1520531009452104485
1520531009502105485
1520531009552107485
1520531009601938520
1520531009651940520
1520531009701941520
1520531009751943520
1520531009801945520
1520531009851946520
1520531009901948520
1520531009951949520
1520531010002114397
1520531010052116397
1520531010102118397
1520531010152119397
1520531010202120397
1520531010252123397
1520531010302123397
1520531010352125397
1520531010402184239
1520531010452185239
1520531010502187239
1520531010552190239
1520531010602190239
1520531010652191239
1520531010702193239
1520531010752264239
1520531010802196239
1520531010852192467
1520531010902194467
1520531010952195467
1520531011002197467
1520531011052199467
1520531011102200467
1520531011152202467
1520531011202203467
1520531011252287713
1520531011302288713
1520531011352290713
1520531011402292713
1520531011452293713
1520531011502295713
1520531011552297713
1520531011602298713
1520531011652522169
1520531011702525169
1520531011752526169
1520531011802528169
1520531011852529169
1520531011902530169
1520531011952533169
1520531012002534169
1520531012052566888
1520531012102568888
1520531012152569888
1520531012202571888
1520531012252572888
1520531012302574888
1520531012352591888
1520531012402577888
1520531012452578888
1520531012502580888
1520531012552581888
1520531012602583888
1520531012652585888
1520531012702586888
1520531012752588888
1520531012802589888
1520531012852557643
1520531012902558643
1520531012952560643
1520531013002562643
1520531013052563643
1520531013102565643
1520531013152566643
1520531013202568643
1520531013252570643
1520531013302366239
1520531013352368239
1520531013402369239
1520531013452372239
1520531013502372239
1520531013552374239
1520531013602376239
1520531013652377239
1520531013702058029
1520531013752061029
1520531013802062029
1520531013852063029
1520531013902065029
1520531013952067029
1520531014002068029
1520531014052069029
1520531014101928573
1520531014151929573
1520531014201931573
1520531014251933573
1520531014301934573
1520531014351936573
1520531014401937573
1520531014451939573
1520531014501955169
1520531014551957169
1520531014601959169
1520531014651960169
1520531014701962169
1520531014751963169
1520531014801965169
1520531014851966169
1520531014901859257
1520531014951861257
1520531015001863257
1520531015051864257
1520531015101865257
1520531015151867257
1520531015201869257
1520531015251870257
1520531015301799538
1520531015352171590
1520531015402174590
1520531015452173590
1520531015502175590
1520531015552176590
1520531015602240590
1520531015652179590
1520531015702181590
1520531015752775169
1520531015802776169
1520531015852778169
1520531015902779169
1520531015952781169
1520531016002782169
1520531016052784169
1520531016102785169
1520531016153745766
1520531016203747766
1520531016253748766
1520531016303750766
1520531016353751766
1520531016403753766
1520531016453755766
1520531016503756766
1520531016553199818
1520531016603201818
1520531016653202818
1520531016703203818
1520531016753205818
1520531016803207818
1520531016853208818
1520531016903209818
1520531016952533871
1520531017002534871
1520531017052536871
1520531017102537871
1520531017152538871
1520531017202547871
1520531017252541871
1520531017302543871
1520531017352181520
1520531017402182520
1520531017452184520
1520531017502185520
1520531017552187520
1520531017602188520
1520531017652190520
1520531017702191520
1520531017752193520
1520531017802114748
1520531017852115748
1520531017902117748
1520531017952119748
1520531018002120748
1520531018052121748
1520531018102123748
1520531018152124748
1520531018202236380
1520531018252237380
1520531018302239380
1520531018352240380
1520531018402242380
1520531018452243380
1520531018502244380
1520531018552246380
1520531018602430134
1520531018652431134
1520531018702433134
1520531018752434134
1520531018802436134
1520531018852437134
1520531018902439134
1520531018952441134
1520531019002175397
1520531019052177397
1520531019102178397
1520531019152180397
1520531019202181397
1520531019252183397
1520531019302184397
1520531019352186397
1520531019402129239
1520531019452130239
1520531019502132239
1520531019552133239
1520531019602135239
1520531019652136239
1520531019702138239
1520531019752139239
1520531019802423766
1520531019852425766
1520531019902427766
1520531019952428766
1520531020002430766
1520531020052431766
1520531020102432766
1520531020152434766
1520531020202436766
1520531020252055029
1520531020302057029
1520531020352058029
1520531020402060029
1520531020452114029
1520531020502063029
1520531020552065029
1520531020602066029
1520531020652212029
1520531020702213029
1520531020752215029
1520531020802216029
1520531020852218029
1520531020902219029
1520531020952221029
1520531021002223029
1520531021052198204
1520531021102200204
1520531021152201204
1520531021202203204
1520531021252204204
1520531021302206204
1520531021352207204
1520531021402210204
1520531021452875625
1520531021502877625
1520531021552878625
1520531021602880625
1520531021652881625
1520531021702882625
1520531021752884625
1520531021802886625
1520531021853250573
1520531021903252573
1520531021953253573
1520531022003255573
1520531022053257573
1520531022103258573
1520531022153260573
1520531022203261573
1520531022253263573
1520531022303766116
1520531022353768116
1520531022403769116
1520531022453771116
1520531022503772116
1520531022553774116
1520531022603776116
1520531022653777116
1520531022703215748
1520531022753216748
1520531022803218748
1520531022853220748
1520531022903221748
1520531022953222748
1520531023003224748
1520531023053227748
1520531023102305029
1520531023152306029
1520531023202308029
1520531023252309029
1520531023302311029
1520531023352312029
1520531023402314029
1520531023452315029
1520531023502245029
1520531023552247029
1520531023602248029
1520531023652250029
1520531023702346029
1520531023752253029
1520531023802254029
1520531023852256029
1520531023902258573
1520531023952260573
1520531024002261573
1520531024052263573
1520531024102264573
1520531024152266573
1520531024202268573
1520531024252269573
1520531024302227853
1520531024352228853
1520531024402230853
1520531024452231853
1520531024502233853
1520531024552235853
1520531024602236853
1520531024652239853
1520531024702239853
1520531024752851608
1520531024802853608
1520531024852855608
1520531024902856608
1520531024952857608
1520531025002859608
1520531025052860608
1520531025102862608
1520531025152996731
1520531025202998731
1520531025253000731
1520531025303041731
1520531025353002731
1520531025403004731
1520531025453006731
1520531025503007731
1520531025552971625
1520531025602972625
1520531025652974625
1520531025702975625
1520531025752977625
1520531025802979625
1520531025852980625
1520531025902982625
1520531025952880959
1520531026002882959
1520531026052883959
1520531026102885959
1520531026152887959
1520531026202888959
1520531026252890959
1520531026302892959
1520531026352656485
1520531026402658485
1520531026452659485
1520531026502661485
1520531026552662485
1520531026602664485
1520531026652665485
1520531026702667485
1520531026752560432
1520531026802561432
1520531026852563432
1520531026902564432
1520531026952566432
1520531027002567432
1520531027052569432
1520531027102570432
1520531027152572432
1520531027202629502
1520531027252631502
1520531027302632502
1520531027352634502
1520531027402636502
1520531027452637502
1520531027502639502
1520531027552640502
1520531027602704608
1520531027652705608
1520531027702707608
1520531027752709608
1520531027802710608
1520531027852712608
1520531027902713608
1520531027952715608
1520531028002568836
1520531028052569836
1520531028102571836
1520531028152572836
1520531028202574836
1520531028252575836
1520531028302577836
1520531028352579836
1520531028402514029
1520531028452517029
1520531028502517029
1520531028552599029
1520531028602520029
1520531028652522029
1520531028702523029
1520531028752525029
1520531028803079081
1520531028853081081
1520531028903082081
1520531028953084081
1520531029003086081
1520531029053087081
1520531029103089081
1520531029153090081
1520531029203092081
1520531029254380660
1520531029304382660
1520531029354384660
1520531029404385660
1520531029454387660
1520531029504389660
1520531029554390660
1520531029604392660
1520531029654395081
1520531029704396081
1520531029754397081
1520531029804399081
1520531029854401081
1520531029904402081
1520531029954404081
1520531030004405081
1520531030053830450
1520531030103831450
1520531030153856450
1520531030203834450
1520531030253836450
1520531030303837450
1520531030353839450
1520531030403840450
1520531030453016274
1520531030503017274
1520531030553019274
1520531030603021274
1520531030653022274
1520531030703024274
1520531030753025274
1520531030803027274
1520531030852595853
1520531030902597853
1520531030952599853
1520531031002600853
1520531031052602853
1520531031102604853
1520531031152605853
1520531031202607853
1520531031252437766
1520531031302439766
1520531031352441766
1520531031402442766
1520531031452443766
1520531031502445766
1520531031552447766
1520531031602448766
1520531031652449766
1520531031702604818
1520531031752609818
1520531031802607818
1520531031852609818
1520531031902610818
1520531031952612818
1520531032002613818
1520531032052615818
1520531032102485397
1520531032152486397
1520531032202488397
1520531032252489397
1520531032302491397
1520531032352492397
1520531032402494397
1520531032452495397
1520531032502655081
1520531032552657081
1520531032602658081
1520531032652660081
1520531032702662081
1520531032752663081
1520531032802665081
1520531032852666081
1520531032903164923
1520531032953165923
1520531033003167923
1520531033053169923
1520531033103170923
1520531033153172923
1520531033203174923
1520531033253175923
1520531033303249415
1520531033353251415
1520531033403309415
1520531033453254415
1520531033503255415
1520531033553257415
1520531033603258415
1520531033653260415
1520531033703262415
1520531033753164187
1520531033803166187
1520531033853167187
1520531033903169187
1520531033953170187
1520531034003172187
1520531034053173187
1520531034103175187
1520531034153040695
1520531034203041695
1520531034253043695
1520531034303044695
1520531034353047695
1520531034403048695
1520531034453049695
1520531034503051695
1520531034552927941
1520531034602928941
1520531034652929941
1520531034702931941
1520531034752933941
1520531034802934941
1520531034852936941
1520531034902937941
1520531034952734116
1520531035002735116
1520531035052737116
1520531035102738116
1520531035152740116
1520531035202741116
1520531035252743116
1520531035302744116
1520531035352720432
1520531035402722432
1520531035452723432
1520531035502725432
1520531035552726432
1520531035602728432
1520531035652729432
1520531035702731432
1520531035752889695
1520531035802891695
1520531035852893695
1520531035902894695
1520531035952896695
1520531036002898695
1520531036052899695
1520531036102901695
1520531036152903695
1520531036202601538
1520531036252602538
1520531036302604538
1520531036352605538
1520531036402607538
1520531036452608538
1520531036502610538
1520531036552611538
1520531036602591923
1520531036652686923
1520531036702594923
1520531036752596923
1520531036802597923
1520531036852599923
1520531036902600923
1520531036952602923
1520531037003024502
1520531037053025502
1520531037103027502
1520531037153028502
1520531037203030502
1520531037253031502
1520531037303033502
1520531037353034502
1520531037404418257
1520531037454420257
1520531037504421257
1520531037554423257
1520531037604425257
1520531037654427257
1520531037704427257
1520531037754430257
1520531037805002485
1520531037855004485
1520531037905007485
1520531037955006485
1520531038005008485
1520531038055009485
1520531038105013485
1520531038155012485
1520531038204295678
1520531038254328678
1520531038304298678
1520531038354300678
1520531038404301678
1520531038454303678
1520531038504304678
1520531038554306678
1520531038604308678
1520531038653141959
1520531038703143959
1520531038753144959
1520531038803146959
1520531038853147959
1520531038903149959
1520531038953150959
1520531039003152959
1520531039052617485
1520531039102618485
1520531039152620485
1520531039202621485
1520531039252623485
1520531039302625485
1520531039352627485
1520531039402628485
1520531039452814397
1520531039502816397
1520531039552818397
1520531039602819397
1520531039652821397
1520531039702822397
1520531039752824397
1520531039802825397
1520531039852860450
1520531039902861450
1520531039952863450
1520531040002864450
1520531040052866450
1520531040102867450
1520531040152869450
1520531040202871450
1520531040252885713
1520531040302887713
1520531040352888713
1520531040402890713
1520531040452891713
1520531040502893713
1520531040552894713
1520531040602896713
1520531040652898713
1520531040703365187
1520531040753367187
1520531040803369187
1520531040853370187
1520531040903372187
1520531040953374187
1520531041003375187
1520531041053376187
1520531041103489134
1520531041153491134
1520531041203492134
1520531041253493134
1520531041303497134
1520531041353496134
1520531041403498134
1520531041453500134
1520531041503512678
1520531041553456678
1520531041603457678
1520531041653459678
1520531041703460678
1520531041753462678
1520531041803464678
1520531041853465678
1520531041903474485
1520531041953475485
1520531042003477485
1520531042053478485
1520531042103480485
1520531042153482485
1520531042203483485
1520531042253485485
1520531042303426625
1520531042353428625
1520531042403429625
1520531042453431625
1520531042503433625
1520531042553434625
1520531042603436625
1520531042653438625
1520531042703098502
1520531042753100502
1520531042803101502
1520531042853103502
1520531042903104502
1520531042953106502
1520531043003107502
1520531043053109502
1520531043103111502
1520531043153146257
1520531043203147257
1520531043253149257
1520531043303150257
1520531043353152257
1520531043403154257
1520531043453155257
1520531043503157257
1520531043553182116
1520531043603184116
1520531043653185116
1520531043703187116
1520531043753188116
1520531043803190116
1520531043853192116
1520531043903193116
1520531043952937923
1520531044002938923
1520531044052940923
1520531044102942923
1520531044152943923
1520531044202945923
1520531044252946923
1520531044302948923
1520531044353131625
1520531044403132625
1520531044453134625
1520531044503135625
1520531044553137625
1520531044603138625
1520531044653145625
1520531044703141625
1520531044754283906
1520531044804200906
1520531044854202906
1520531044904203906
1520531044954205906
1520531045004207906
1520531045054208906
1520531045104210906
1520531045154211906
1520531045205192994
1520531045255193994
1520531045305195994
1520531045355197994
1520531045405198994
1520531045455200994
1520531045505201994
1520531045555203994
1520531045604491239
1520531045654493239
1520531045704495239
1520531045754496239
1520531045804498239
1520531045854500239
1520531045904501239
1520531045954503239
1520531046003558204
1520531046053560204
1520531046103562204
1520531046153563204
1520531046203564204
1520531046253566204
1520531046303567204
1520531046353586204
1520531046403115327
1520531046453117327
1520531046503118327
1520531046553120327
1520531046603122327
1520531046653123327
1520531046703125327
1520531046753126327
1520531046802957450
1520531046852958450
1520531046902960450
1520531046952961450
1520531047002963450
1520531047052965450
1520531047102966450
1520531047152968450
1520531047203210520
1520531047253211520
1520531047303213520
1520531047353214520
1520531047403216520
1520531047453217520
1520531047503219520
1520531047553221520
1520531047603223520
1520531047653070274
1520531047703071274
1520531047753072274
1520531047803074274
1520531047853076274
1520531047903077274
1520531047953079274
1520531048003080274
1520531048053244450
1520531048103245450
1520531048153247450
1520531048203249450
1520531048253250450
1520531048303252450
1520531048353253450
1520531048403255450
1520531048453709713
1520531048503711713
1520531048553712713
1520531048603714713
1520531048653716713
1520531048703717713
1520531048753719713
1520531048803721713
1520531048853695836
1520531048903696836
1520531048953698836
1520531049003700836
1520531049053701836
1520531049103703836
1520531049153705836
1520531049203706836
1520531049253691695
1520531049303694695
1520531049353695695
1520531049403697695
1520531049453698695
1520531049503699695
1520531049553701695
1520531049603741695
1520531049653704695
1520531049703661836
1520531049753663836
1520531049803665836
1520531049853666836
1520531049903668836
1520531049953669836
1520531050003671836
1520531050053672836
1520531050103555678
1520531050153556678
1520531050203558678
1520531050253560678
1520531050303561678
1520531050353563678
1520531050403564678
1520531050453566678
1520531050503355415
1520531050553357415
1520531050603358415
1520531050653359415
1520531050703361415
1520531050753363415
1520531050803364415
1520531050853365415
1520531050903364415
1520531050953365415
1520531051003366415
1520531051053368415
1520531051103369415
1520531051153371415
1520531051203373415
1520531051253374415
1520531051303496836
1520531051353497836
1520531051403499836
1520531051453500836
1520531051503502836
1520531051553503836
1520531051603505836
1520531051653506836
1520531051703370590
1520531051753371590
1520531051803373590
1520531051853375590
1520531051903376590
1520531051953378590
1520531052003379590
1520531052053381590
1520531052103382590
1520531052153416397
1520531052203417397
1520531052253418397
1520531052303420397
1520531052353422397
1520531052403424397
1520531052453425397
1520531052503426397
1520531052554265660
1520531052604266660
1520531052654271660
1520531052704269660
1520531052754271660
1520531052804272660
1520531052854330660
1520531052904275660
1520531052955685801
1520531053005687801
1520531053055688801
1520531053105690801
1520531053155691801
1520531053205693801
1520531053255694801
1520531053305696801
1520531053355725029
1520531053405727029
1520531053455729029
1520531053505730029
1520531053555732029
1520531053605733029
1520531053655735029
1520531053705736029
1520531053754617818
1520531053804619818
1520531053854620818
1520531053904622818
1520531053954624818
1520531054004625818
1520531054054627818
1520531054104628818
1520531054153851660
1520531054203852660
1520531054253854660
1520531054303855660
1520531054353857660
1520531054403858660
1520531054453860660
1520531054503861660
1520531054553863660
1520531054603465590
1520531054653466590
1520531054703468590
1520531054753469590
1520531054803471590
1520531054853472590
1520531054903474590
1520531054953475590
1520531055003257871
1520531055053259871
1520531055103260871
1520531055153262871
1520531055203263871
1520531055253265871
1520531055303266871
1520531055353268871
1520531055403420976
1520531055453422976
1520531055503423976
1520531055553425976
1520531055603426976
1520531055653428976
1520531055703429976
1520531055753431976
1520531055803326731
1520531055853328731
1520531055903329731
1520531055953331731
1520531056003332731
1520531056053334731
1520531056103410731
1520531056153337731
1520531056203381625
1520531056253382625
1520531056303384625
1520531056353385625
1520531056403387625
1520531056453388625
1520531056503390625
1520531056553391625
1520531056603393625
1520531056653869380
1520531056703870380
1520531056753872380
1520531056803873380
1520531056853875380
1520531056903876380
1520531056953878380
1520531057003880380
1520531057053988134
1520531057103989134
1520531057153991134
1520531057203992134
1520531057253994134
1520531057303996134
1520531057353997134
1520531057403998134
1520531057453937257
1520531057503939257
1520531057553940257
1520531057603942257
1520531057653943257
1520531057703949257
1520531057753946257
1520531057803948257
1520531057853942590
1520531057903944590
1520531057953945590
1520531058003947590
1520531058053948590
1520531058103950590
1520531058153952590
1520531058203953590
1520531058253930818
1520531058303931818
1520531058353933818
1520531058403934818
1520531058453936818
1520531058503937818
1520531058553939818
1520531058603941818
1520531058653707590
1520531058703709590
1520531058753711590
1520531058803713590
1520531058853714590
1520531058903715590
1520531058953717590
1520531059003718590
1520531059053720590
1520531059103642590
1520531059153643590
1520531059203645590
1520531059253646590
1520531059303648590
1520531059353737590
1520531059403651590
1520531059453652590
1520531059503745959
1520531059553746959
1520531059603748959
1520531059653749959
1520531059703751959
1520531059753753959
1520531059803754959
1520531059853756959
1520531059903771853
1520531059953773853
1520531060003774853
1520531060053776853
1520531060103777853
1520531060153779853
1520531060203781853
1520531060253782853
1520531060303705836
1520531060353707836
1520531060403709836
1520531060453710836
1520531060503711836
1520531060553713836
1520531060603714836
1520531060653716836
1520531060703764152
1520531060753766152
1520531060803767152
1520531060853769152
1520531060903770152
1520531060953788152
1520531061003774152
1520531061053775152
1520531061104550766
1520531061154551766
1520531061204553766
1520531061254554766
1520531061304556766
1520531061354558766
1520531061404559766
1520531061454561766
1520531061504562766
1520531061555856766
1520531061605857766
1520531061655859766
1520531061705860766
1520531061755862766
1520531061805864766
1520531061855865766
1520531061905867766
1520531061955165467
1520531062005167467
1520531062055168467
1520531062105170467
1520531062155172467
1520531062205174467
1520531062255175467
1520531062305177467
1520531062354190257
1520531062404192257
1520531062454193257
1520531062504195257
1520531062554196257
1520531062604297257
1520531062654199257
1520531062704201257
1520531062753628713
1520531062803630713
1520531062853631713
1520531062903633713
1520531062953635713
1520531063003636713
1520531063053638713
1520531063103639713
1520531063153427888
1520531063203428888
1520531063253430888
1520531063303431888
1520531063353433888
1520531063403435888
1520531063453436888
1520531063503438888
1520531063553439888
1520531063603778450
1520531063653779450
1520531063703781450
1520531063753783450
1520531063803785450
1520531063853786450
1520531063903787450
1520531063953789450
1520531064003688766
1520531064053690766
1520531064103692766
1520531064153693766
1520531064203723766
1520531064253696766
1520531064303698766
1520531064353699766
1520531064403788152
1520531064453789152
1520531064503791152
1520531064553793152
1520531064603794152
1520531064653796152
1520531064703797152
1520531064753799152
1520531064804267029
1520531064854269029
1520531064904271029
1520531064954272029
1520531065004274029
1520531065054275029
1520531065104277029
1520531065154279029
1520531065204161853
1520531065254163853
1520531065304165853
1520531065354166853
1520531065404168853
1520531065454169853
1520531065504170853
1520531065554172853
1520531065604167485
1520531065654168485
1520531065704169485
1520531065754171485
1520531065804173485
1520531065854174485
1520531065904176485
1520531065954177485
1520531066004179485
1520531066054200836
1520531066104202836
1520531066154204836
1520531066204205836
1520531066254207836
1520531066304208836
1520531066354210836
1520531066404211836
1520531066454191871
1520531066504192871
1520531066554194871
1520531066604196871
1520531066654197871
1520531066704199871
1520531066754200871
1520531066804202871
1520531066853940520
1520531066903942520
1520531066953942520
1520531067003944520
1520531067053946520
1520531067103948520
1520531067153949520
1520531067203951520
1520531067253857853
1520531067303863853
1520531067353860853
1520531067403862853
1520531067453897853
1520531067503865853
1520531067553866853
1520531067603868853
1520531067654012660
1520531067704014660
1520531067754015660
1520531067804017660
1520531067854019660
1520531067904020660
1520531067954022660
1520531068004023660
1520531068053967204
1520531068103968204
1520531068153970204
1520531068203972204
1520531068253973204
1520531068303975204
1520531068353976204
1520531068403978204
1520531068453980204
1520531068503966327
1520531068553968327
1520531068603970327
1520531068653972327
1520531068703972327
1520531068753974327
1520531068803976327
1520531068853977327
1520531068904469485
1520531068954471485
1520531069004473485
1520531069054475485
1520531069104476485
1520531069154477485
1520531069204479485
1520531069254480485
1520531069305915818
1520531069355916818
1520531069405918818
1520531069455920818
1520531069505921818
1520531069555923818
1520531069605924818
1520531069655926818
1520531069705591818
1520531069755593818
1520531069805595818
1520531069855596818
1520531069905598818
1520531069955599818
1520531070005601818
1520531070055603818
1520531070104925116
1520531070154926116
1520531070204928116
1520531070254929116
1520531070304931116
1520531070354932116
1520531070404934116
1520531070454935116
1520531070505542994
1520531070554193274
1520531070604195274
1520531070654196274
1520531070704239274
1520531070754199274
1520531070804201274
1520531070854202274
1520531070904204274
1520531070953855169
1520531071003857169
1520531071053859169
1520531071103860169
1520531071153862169
1520531071203863169
1520531071253865169
1520531071303866169
1520531071353859678
1520531071403861678
1520531071453862678
1520531071503864678
1520531071553866678
1520531071603867678
1520531071653869678
1520531071703870678
1520531071753913871
1520531071803915871
1520531071853916871
1520531071903918871
1520531071953919871
1520531072003921871
1520531072053922871
1520531072103923871
1520531072153781099
1520531072203783099
1520531072253784099
1520531072303788099
1520531072353787099
1520531072403789099
1520531072453790099
1520531072503792099
1520531072554347415
1520531072604349415
1520531072654351415
1520531072704352415
1520531072754354415
1520531072804355415
1520531072854357415
1520531072904358415
1520531072954360415
1520531073004513081
1520531073054514081
1520531073104516081
1520531073154518081
1520531073204519081
1520531073254521081
1520531073304522081
1520531073354524081
1520531073404406766
1520531073454409766
1520531073504409766
1520531073554411766
1520531073604417766
1520531073654414766
1520531073704416766
1520531073754417766
1520531073804428046
1520531073854429046
1520531073904431046
1520531073954476046
1520531074004434046
1520531074054435046
1520531074104437046
1520531074154438046
1520531074204447555
1520531074254449555
1520531074304450555
1520531074354452555
1520531074404453555
1520531074454455555
1520531074504456555
1520531074554458555
1520531074604403923
1520531074654404923
1520531074704406923
1520531074754407923
1520531074804409923
1520531074854410923
1520531074904413923
1520531074954414923
1520531075004239731
1520531075054241731
1520531075104242731
1520531075154243731
1520531075204245731
1520531075254246731
1520531075304247731
1520531075354250731
1520531075404251731
1520531075454161695
1520531075504160695
1520531075554166695
1520531075604163695
1520531075654164695
1520531075704166695
1520531075754167695
1520531075804169695
1520531075854270011
1520531075904271011
1520531075954273011
1520531076004274011
1520531076054276011
1520531076104277011
1520531076154279011
1520531076204281011
1520531076254225731
1520531076304227731
1520531076354228731
1520531076404230731
1520531076454231731
1520531076504233731
1520531076554235731
1520531076604236731
1520531076654115011
1520531076704116011
1520531076754118011
1520531076804120011
1520531076854125011
1520531076904123011
1520531076954124011
1520531077004126011
1520531077054603643
1520531077104605643
1520531077154607643
1520531077204649643
1520531077254609643
1520531077304611643
1520531077354613643
1520531077404614643
1520531077454616643
1520531077505888660
1520531077555890660
1520531077605891660
1520531077655893660
1520531077705894660
1520531077755896660
1520531077805898660
1520531077855899660
1520531077905875204
1520531077955876204
1520531078005878204
1520531078055879204
1520531078105881204
1520531078155883204
1520531078205885204
1520531078255886204
1520531078305195766
1520531078355197766
1520531078405199766
1520531078455200766
1520531078505202766
1520531078555204766
1520531078605205766
1520531078655206766
1520531078704631011
1520531078754632011
1520531078804637011
1520531078854635011
1520531078904637011
1520531078954638011
1520531079004640011
1520531079054642011
1520531079104308274
1520531079154310274
1520531079204311274
1520531079254313274
1520531079304314274
1520531079354316274
1520531079404318274
1520531079454319274
1520531079504269345
1520531079554270345
1520531079604272345
1520531079654274345
1520531079704275345
1520531079754276345
1520531079804279345
1520531079854280345
1520531079904281345
1520531079954221169
1520531080004223169
1520531080054224169
1520531080104229169
1520531080154228169
1520531080204229169
1520531080254230169
1520531080304232169
1520531080353951081
1520531080403952081
1520531080453993081
1520531080503955081
1520531080553957081
1520531080603958081
1520531080653960081
1520531080703961081
1520531080754643783
1520531080804644783
1520531080854646783
1520531080904647783
1520531080954649783
1520531081004651783
1520531081054652783
1520531081104654783
1520531081154847783
1520531081204849783
1520531081254850783
1520531081304852783
1520531081354853783
1520531081404855783
1520531081454857783
1520531081504859783
1520531081554696502
1520531081604698502
1520531081654699502
1520531081704702502
1520531081754702502
1520531081804704502
1520531081854705502
1520531081904707502
1520531081954585432
1520531082004586432
1520531082054587432
1520531082104589432
1520531082154591432
1520531082204592432
1520531082254594432
1520531082304595432
1520531082354597432
1520531082404467625
1520531082454469625
1520531082504470625
1520531082554472625
1520531082604474625
1520531082654475625
1520531082704477625
1520531082754478625
1520531082804250380
1520531082854251380
1520531082904253380
1520531082954254380
1520531083004256380
1520531083054258380
1520531083104259380
1520531083154262380
1520531083204239169
1520531083254240169
1520531083304242169
1520531083354243169
1520531083404245169
1520531083454246169
1520531083504248169
1520531083554252169
1520531083604328643
1520531083654329643
1520531083704365643
1520531083754332643
1520531083804334643
1520531083854336643
1520531083904337643
1520531083954339643
1520531084003791731
1520531084053793731
1520531084103794731
1520531084153796731
1520531084203798731
1520531084253799731
1520531084303801731
1520531084353802731
1520531084403804731
1520531084453707485
1520531084503709485
1520531084553710485
1520531084603712485
1520531084653714485
1520531084703716485
1520531084753717485
1520531084803719485
1520531084854280906
1520531084904282906
1520531084954283906
1520531085004285906
1520531085054286906
1520531085104288906
1520531085154290906
1520531085204291906
1520531085254410660
1520531085304412660
1520531085354518660
1520531085404415660
1520531085454417660
1520531085504418660
1520531085554420660
1520531085604421660
1520531085653972362
1520531085703973362
1520531085753975362
1520531085803977362
1520531085853978362
1520531085903980362
1520531085953981362
1520531086003983362
1520531086054824853
1520531086104826853
1520531086154827853
1520531086204829853
1520531086254831853
1520531086304832853
1520531086354834853
1520531086404836853
1520531086455320731
1520531086505322731
1520531086555323731
1520531086605325731
1520531086655326731
1520531086705330731
1520531086755330731
1520531086805331731
1520531086855333731
1520531086904256345
1520531086954278345
1520531087004259345
1520531087054261345
1520531087104262345
1520531087154264345
1520531087204265345
1520531087254267345
1520531087304751222
1520531087354753222
1520531087404755222
1520531087454756222
1520531087504758222
1520531087554759222
1520531087604761222
1520531087654762222
1520531087704890959
1520531087754891959
1520531087804893959
1520531087854895959
1520531087904897959
1520531087954898959
1520531088004900959
1520531088054901959
1520531088104811467
1520531088154812467
1520531088204814467
1520531088254815467
1520531088304817467
1520531088354819467
1520531088404824467
1520531088454821467
1520531088504915818
1520531088554917818
1520531088605007818
1520531088654920818
1520531088704921818
1520531088754923818
1520531088804924818
1520531088854926818
1520531088904927818
1520531088954047994
1520531089004049994
1520531089054050994
1520531089104052994
1520531089154053994
1520531089204055994
1520531089254056994
1520531089304058994
1520531089354017064
1520531089404018064
1520531089454020064
1520531089504021064
1520531089554023064
1520531089604025064
1520531089654026064
1520531089704027064
1520531089754898046
1520531089804900046
1520531089854901046
1520531089904903046
1520531089954906046
1520531090004906046
1520531090054908046
1520531090104909046
1520531090154683888
1520531090204689888
1520531090254686888
1520531090304687888
1520531090354689888
1520531090404690888
1520531090454692888
1520531090504693888
1520531090554550766
1520531090604552766
1520531090654553766
1520531090704555766
1520531090754556766
1520531090804558766
1520531090854559766
1520531090904561766
1520531090955214923
1520531091005215923
1520531091055217923
1520531091105218923
1520531091155220923
1520531091205222923
1520531091255223923
1520531091305225923
1520531091355227923
1520531091404199801
1520531091454201801
1520531091504202801
1520531091554203801
1520531091604205801
1520531091654207801
1520531091704208801
1520531091754210801
1520531091804005695
1520531091854078695
1520531091904008695
1520531091954010695
1520531092004011695
1520531092054013695
1520531092104014695
1520531092154016695
1520531092205415888
1520531092255416888
1520531092305418888
1520531092355419888
1520531092405421888
1520531092455422888
1520531092505424888
1520531092555426888
1520531092604107818
1520531092654109818
1520531092704110818
1520531092754112818
1520531092804114818
1520531092854115818
1520531092904117818
1520531092954118818
1520531093004462011
1520531093054463011
1520531093104465011
1520531093154466011
1520531093204468011
1520531093254470011
1520531093304471011
1520531093354472011
1520531093404343204
1520531093454345204
1520531093504346204
1520531093554348204
1520531093604349204
1520531093654351204
1520531093704353204
1520531093754354204
1520531093804356204
1520531093854366327
1520531093904368327
1520531093954369327
1520531094004371327
1520531094054372327
1520531094104374327
1520531094154375327
1520531094204377327
1520531094254551818
1520531094304552818
1520531094354554818
1520531094404556818
1520531094454557818
1520531094504559818
1520531094554560818
1520531094604562818
1520531094654536801
1520531094704538801
1520531094754539801
1520531094804541801
1520531094854542801
1520531094904547801
1520531094954546801
1520531095004547801
1520531095054571836
1520531095104630836
1520531095154574836
1520531095204575836
1520531095254577836
1520531095304578836
1520531095354580836
1520531095404582836
1520531095454747134
1520531095504749134
1520531095554750134
1520531095604752134
1520531095654753134
1520531095704755134
1520531095754757134
1520531095804758134
1520531095854760134
1520531095904793134
1520531095954795134
1520531096004796134
1520531096054799134
1520531096104800134
1520531096154801134
1520531096204803134
1520531096254804134
1520531096304551818
1520531096354552818
1520531096404554818
1520531096454556818
1520531096504557818
1520531096554559818
1520531096604560818
1520531096654562818
1520531096704521152
1520531096754519152
1520531096804520152
1520531096854522152
1520531096904523152
1520531096954525152
1520531097004527152
1520531097054528152
1520531097104521941
1520531097154522941
1520531097204524941
1520531097254525941
1520531097304527941
1520531097354529941
1520531097404530941
1520531097454532941
1520531097504478222
1520531097554480222
1520531097604481222
1520531097654483222
1520531097704485222
1520531097754487222
1520531097804488222
1520531097854490222
1520531097904404555
1520531097954406555
1520531098004407555
1520531098054409555
1520531098104410555
1520531098154412555
1520531098204413555
1520531098254415555
1520531098304417555
1520531098354402502
1520531098404354502
1520531098454356502
1520531098504357502
1520531098554359502
1520531098604361502
1520531098654362502
1520531098704364502
1520531098754416239
1520531098804418239
1520531098854419239
1520531098904421239
1520531098954423239
1520531099004424239
1520531099054426239
1520531099104427239
1520531099154497169
1520531099204498169
1520531099254500169
1520531099304502169
1520531099354503169
1520531099404505169
1520531099454507169
1520531099504509169
1520531099554619923
1520531099604620923
1520531099654621923
1520531099704623923
1520531099754625923
1520531099804626923
1520531099854628923
1520531099904629923
1520531099954678731
1520531100004679731
1520531100054681731
1520531100104682731
1520531100154684731
1520531100204686731
1520531100254687731
1520531100304689731
1520531100354690731
1520531100404708239
1520531100454709239
1520531100504711239
1520531100554712239
1520531100604714239
1520531100654716239
1520531100704717239
1520531100754719239
1520531100804596818
1520531100854597818
1520531100904598818
1520531100954600818
1520531101004602818
1520531101054604818
1520531101104605818
1520531101154607818
1520531101204531836
1520531101254537836
1520531101304534836
1520531101354536836
1520531101404537836
1520531101454539836
1520531101504540836
1520531101554542836
1520531101604633871
1520531101654591871
1520531101704592871
1520531101754594871
1520531101804596871
1520531101854597871
1520531101904599871
1520531101954600871
1520531102004862520
1520531102054863520
1520531102104865520
1520531102154866520
1520531102204868520
1520531102254870520
1520531102304871520
1520531102354873520
1520531102405017608
1520531102455019608
1520531102505020608
1520531102555022608
1520531102605024608
1520531102655025608
1520531102705027608
1520531102755029608
1520531102805031608
1520531102854973309
1520531102904974309
1520531102954976309
1520531103004977309
1520531103054979309
1520531103104980309
1520531103154982309
1520531103204984309
1520531103254967976
1520531103304968976
1520531103354970976
1520531103404972976
1520531103454973976
1520531103504975976
1520531103554976976
1520531103604978976
1520531103654992888
1520531103704994888
1520531103754995888
