1520520700820660689
1520520700870661689
1520520700920663689
1520520700970664689
1520520701020666689
1520520701070668689
1520520701120670689
1520520701170389444
1520520701220391444
1520520701270392444
1520520701320393444
1520520701370395444
1520520701420396444
1520520701470398444
1520520701520400444
1520520701570401444
1520520701620403444
1520520701670404444
1520520701720406444
1520520701770407444
1520520701820409444
1520520701870410444
1520520701920412444
1520520701970413444
1520520702020398180
1520520702070399180
1520520702120401180
1520520702170403180
1520520702220404180
1520520702270406180
1520520702320407180
1520520702370409180
1520520702420385338
1520520702470387338
1520520702520389338
1520520702570390338
1520520702620392338
1520520702670394338
1520520702720395338
1520520702770397338
1520520702820368865
1520520702870370865
1520520702920371865
1520520702970373865
1520520703020374865
1520520703070376865
1520520703120377865
1520520703170379865
1520520703220345233
1520520703270346233
1520520703320348233
1520520703370349233
1520520703420351233
1520520703470352233
1520520703520354233
1520520703570355233
1520520703620357233
1520520703670349952
1520520703720351952
1520520703770353952
1520520703820354952
1520520703870356952
1520520703920357952
1520520703970359952
1520520704020360952
1520520704070387584
1520520704120389584
1520520704170391584
1520520704220392584
1520520704270394584
1520520704320395584
1520520704370397584
1520520704420398584
1520520704470422830
1520520704520423830
1520520704570425830
1520520704620426830
1520520704670429830
1520520704720430830
1520520704770431830
1520520704820432830
1520520704870534672
1520520704920433672
1520520704970434672
1520520705020436672
1520520705070437672
1520520705120439672
1520520705170440672
1520520705220442672
1520520705270428023
1520520705320430023
1520520705370432023
1520520705420433023
1520520705470435023
1520520705520436023
1520520705570438023
1520520705620439023
1520520705670421935
1520520705720423935
1520520705770425935
1520520705820426935
1520520705870427935
1520520705920429935
1520520705970431935
1520520706020432935
1520520706070434935
1520520706120435233
1520520706170437233
1520520706220438233
1520520706270440233
1520520706320441233
1520520706370443233
1520520706420445233
1520520706470546233
1520520706520442479
1520520706570443479
1520520706620445479
1520520706670446479
1520520706720448479
1520520706770449479
1520520706820451479
1520520706870452479
1520520706920456654
1520520706970458654
1520520707020459654
1520520707070461654
1520520707120462654
1520520707170464654
1520520707220465654
1520520707270467654
1520520707320491970
1520520707370492970
1520520707420494970
1520520707470496970
1520520707520498970
1520520707570499970
1520520707620500970
1520520707670502970
1520520707720531198
1520520707770533198
1520520707820534198
1520520707870540198
1520520707920538198
1520520707970539198
1520520708020541198
1520520708070641198
1520520708120544198
1520520708170585900
1520520708220587900
1520520708270588900
1520520708320590900
1520520708370591900
1520520708420593900
1520520708470594900
1520520708520596900
1520520708570592444
1520520708620593444
1520520708670595444
1520520708720596444
1520520708770598444
1520520708820599444
1520520708870601444
1520520708920603444
1520520708970512303
1520520709020514303
1520520709070516303
1520520709120517303
1520520709170519303
1520520709220520303
1520520709270522303
1520520709320523303
1520520709370570005
1520520709420571005
1520520709470577005
1520520709520574005
1520520709570576005
1520520709620577005
1520520709670675005
1520520709720581005
1520520709770873444
1520520709820875444
1520520709870876444
1520520709920878444
1520520709970879444
1520520710020881444
1520520710070882444
1520520710120884444
1520520710171069110
1520520710221070110
1520520710271072110
1520520710321073110
1520520710371075110
1520520710421076110
1520520710471078110
1520520710521080110
1520520710571082110
1520520710620596093
1520520710670597093
1520520710720599093
1520520710770601093
1520520710820603093
1520520710870604093
1520520710920605093
1520520710970607093
1520520711020404023
1520520711070406023
1520520711120407023
1520520711170409023
1520520711220410023
1520520711270504023
1520520711320414023
1520520711370415023
1520520711420509023
1520520711470510023
1520520711520512023
1520520711570513023
1520520711620515023
1520520711670516023
1520520711720518023
1520520711770520023
1520520711820838777
1520520711870840777
1520520711920841777
1520520711970843777
1520520712020844777
1520520712070846777
1520520712120847777
1520520712170849777
1520520712221028005
1520520712271029005
1520520712321030005
1520520712371032005
1520520712421033005
1520520712471035005
1520520712521036005
1520520712571038005
1520520712620765601
1520520712670767601
1520520712720768601
1520520712770772601
1520520712820771601
1520520712870858601
1520520712920775601
1520520712970776601
1520520713020778601
1520520713070664303
1520520713120666303
1520520713170667303
1520520713220669303
1520520713270670303
1520520713320672303
1520520713370674303
1520520713420675303
1520520713470774777
1520520713520775777
1520520713570777777
1520520713620778777
1520520713670780777
1520520713720781777
1520520713770783777
1520520713820785777
1520520713870983286
1520520713920984286
1520520713970986286
1520520714020987286
1520520714070989286
1520520714120990286
1520520714170995286
1520520714220993286
1520520714271080970
1520520714321082970
1520520714371083970
1520520714421084970
1520520714471164970
1520520714521088970
1520520714571089970
1520520714621091970
1520520714670904128
1520520714720906128
1520520714770907128
1520520714820909128
1520520714870910128
1520520714920912128
1520520714970914128
1520520715020915128
1520520715070917128
1520520715120964654
1520520715170966654
1520520715220967654
1520520715270969654
1520520715320970654
1520520715370972654
1520520715420974654
1520520715470976654
1520520715520848882
1520520715570850882
1520520715620851882
1520520715670853882
1520520715720854882
1520520715770856882
1520520715820857882
1520520715870859882
1520520715921195338
1520520715971201338
1520520716021198338
1520520716071272338
1520520716121201338
1520520716171203338
1520520716221205338
1520520716271206338
1520520716321219356
1520520716371220356
1520520716421222356
1520520716471223356
1520520716521225356
1520520716571227356
1520520716621228356
1520520716671230356
1520520716720799426
1520520716770801426
1520520716820802426
1520520716870804426
1520520716920805426
1520520716970807426
1520520717020810426
1520520717070811426
1520520717120623444
1520520717170625444
1520520717220626444
1520520717270628444
1520520717320629444
1520520717370631444
1520520717420632444
1520520717470634444
1520520717520635444
1520520717570822005
1520520717620824005
1520520717670891005
1520520717720827005
1520520717770828005
1520520717820830005
1520520717870831005
1520520717920833005
1520520717971679058
1520520718021681058
1520520718071682058
1520520718121684058
1520520718171686058
1520520718221687058
1520520718271689058
1520520718321690058
1520520718371808759
1520520718421809759
1520520718471811759
1520520718521813759
1520520718571814759
1520520718621816759
1520520718671818759
1520520718721819759
1520520718771831163
1520520718821832163
1520520718871833163
1520520718921838163
1520520718971837163
1520520719021838163
1520520719071840163
1520520719121841163
1520520719171843233
1520520719221845233
1520520719271900233
1520520719321848233
1520520719371849233
1520520719421851233
1520520719471852233
1520520719521854233
1520520719571776707
1520520719621778707
1520520719671780707
1520520719721781707
1520520719771783707
1520520719821784707
1520520719871786707
1520520719921787707
1520520719971789707
1520520720021766566
1520520720071768566
1520520720121769566
1520520720171771566
1520520720221773566
1520520720271775566
1520520720321776566
1520520720371778566
1520520720421923707
1520520720471925707
1520520720521929707
1520520720571928707
1520520720621929707
1520520720671931707
1520520720721933707
1520520720771934707
1520520720822012005
1520520720872056005
1520520720922015005
1520520720972016005
1520520721022018005
1520520721072019005
1520520721122021005
1520520721172022005
1520520721221974601
1520520721271975601
1520520721321977601
1520520721371979601
1520520721421980601
1520520721471982601
1520520721521984601
1520520721571985601
1520520721622028356
1520520721672030356
1520520721722031356
1520520721772033356
1520520721822035356
1520520721872037356
1520520721922038356
1520520721972040356
1520520722021037847
1520520722071039847
1520520722121040847
1520520722171042847
1520520722221043847
1520520722271045847
1520520722321046847
1520520722371048847
1520520722421050847
1520520722470838110
1520520722520807110
1520520722570808110
1520520722620810110
1520520722670811110
1520520722720813110
1520520722770814110
1520520722820816110
1520520722870987637
1520520722920989637
1520520722970991637
1520520723020992637
1520520723070994637
1520520723120995637
1520520723170997637
1520520723220999637
1520520723271358321
1520520723321360321
1520520723371361321
1520520723421363321
1520520723471365321
1520520723521366321
1520520723571368321
1520520723621370321
1520520723671366689
1520520723721367689
1520520723771369689
1520520723821370689
1520520723871372689
1520520723921374689
1520520723971375689
1520520724021376689
1520520724071137619
1520520724121116619
1520520724171117619
1520520724221119619
1520520724271120619
1520520724321122619
1520520724371123619
1520520724421125619
1520520724471126619
1520520724521140408
1520520724571142408
1520520724621143408
1520520724671145408
1520520724721146408
1520520724771148408
1520520724821149408
1520520724871151408
1520520724921250584
1520520724971252584
1520520725021254584
1520520725071256584
1520520725121257584
1520520725171259584
1520520725221260584
1520520725271262584
1520520725321466110
1520520725371468110
1520520725421469110
1520520725471471110
1520520725521472110
1520520725571474110
1520520725621475110
1520520725671490110
1520520725721171882
1520520725771172882
1520520725821174882
1520520725871175882
1520520725921177882
1520520725971178882
1520520726021180882
1520520726071181882
1520520726121063742
1520520726171065742
1520520726221066742
1520520726271068742
1520520726321069742
1520520726371071742
1520520726421072742
1520520726471074742
1520520726521125637
1520520726571127637
1520520726621129637
1520520726671131637
1520520726721132637
1520520726771134637
1520520726821136637
1520520726871137637
1520520726921138637
1520520726971595444
1520520727021596444
1520520727071598444
1520520727121599444
1520520727171601444
1520520727221603444
1520520727271605444
1520520727321606444
1520520727371093619
1520520727421095619
1520520727471096619
1520520727521098619
1520520727571099619
1520520727621101619
1520520727671102619
1520520727721104619
1520520727770977566
1520520727820978566
1520520727870980566
1520520727920981566
1520520727970983566
1520520728020984566
1520520728070986566
1520520728120988566
1520520728171834338
1520520728221837338
1520520728271838338
1520520728321839338
1520520728371841338
1520520728421842338
1520520728471844338
1520520728521845338
1520520728572030549
1520520728622029549
1520520728672030549
1520520728722032549
1520520728772033549
1520520728822034549
1520520728872036549
1520520728922037549
1520520728972039549
1520520729021106601
1520520729071107601
1520520729121109601
1520520729171110601
1520520729221112601
1520520729271113601
1520520729321115601
1520520729371117601
1520520729420975654
1520520729470977654
1520520729520978654
1520520729570980654
1520520729620981654
1520520729670983654
1520520729720985654
1520520729770986654
1520520729821676303
1520520729871678303
1520520729921680303
1520520729971681303
1520520730021682303
1520520730071684303
1520520730121685303
1520520730171687303
1520520730221558549
1520520730271560549
1520520730321561549
1520520730371563549
1520520730421564549
1520520730471566549
1520520730521568549
1520520730571569549
1520520730621077865
1520520730671078865
1520520730721080865
1520520730771081865
1520520730821083865
1520520730871084865
1520520730921086865
1520520730971088865
1520520731021156180
1520520731071158180
1520520731121160180
1520520731171161180
1520520731221162180
1520520731271164180
1520520731321166180
1520520731371167180
1520520731421169180
1520520731471510110
1520520731521512110
1520520731571514110
1520520731621516110
1520520731671517110
1520520731721519110
1520520731771520110
1520520731821522110
1520520731871401496
1520520731921402496
1520520731971404496
1520520732021406496
1520520732071407496
1520520732121409496
1520520732171410496
1520520732221412496
1520520732271372654
1520520732321374654
1520520732371375654
1520520732421377654
1520520732471378654
1520520732521380654
1520520732571382654
1520520732621383654
1520520732671302637
1520520732721303637
1520520732771305637
1520520732821307637
1520520732871308637
1520520732921310637
1520520732971311637
1520520733021313637
1520520733071255549
1520520733121257549
1520520733171259549
1520520733221260549
1520520733271262549
1520520733321263549
1520520733371265549
1520520733421266549
1520520733471163286
1520520733521166286
1520520733571166286
1520520733621168286
1520520733671169286
1520520733721263286
1520520733771172286
1520520733821174286
1520520733871175286
1520520733921228233
1520520733971229233
1520520734021231233
1520520734071232233
1520520734121234233
1520520734171236233
1520520734221237233
1520520734271239233
1520520734322409005
1520520734372411005
1520520734422412005
1520520734472414005
1520520734522416005
1520520734572417005
1520520734622419005
1520520734672421005
1520520734721420321
1520520734771422321
1520520734821424321
1520520734871425321
1520520734921426321
1520520734971428321
1520520735021431321
1520520735071431321
1520520735121131145
1520520735171132145
1520520735221134145
1520520735271135145
1520520735321212145
1520520735371138145
1520520735421140145
1520520735471141145
1520520735521756338
1520520735571757338
1520520735621759338
1520520735671761338
1520520735721762338
1520520735771764338
1520520735821765338
1520520735871767338
1520520735921768338
1520520735972320794
1520520736022321794
1520520736072323794
1520520736122325794
1520520736172326794
1520520736222328794
1520520736272329794
1520520736322331794
1520520736371268251
1520520736421269251
1520520736471271251
1520520736521273251
1520520736571274251
1520520736621275251
1520520736671277251
1520520736721279251
1520520736771242777
1520520736821244777
1520520736871245777
1520520736921305777
1520520736971248777
1520520737021250777
1520520737071251777
1520520737121253777
1520520737171603128
1520520737221605128
1520520737271606128
1520520737321608128
1520520737371610128
1520520737421611128
1520520737471613128
1520520737521615128
1520520737572078724
1520520737622079724
1520520737672081724
1520520737722083724
1520520737772084724
1520520737822086724
1520520737872088724
1520520737922089724
1520520737971450040
1520520738021451040
1520520738071453040
1520520738121454040
1520520738171456040
1520520738221457040
1520520738271459040
1520520738321461040
1520520738371468040
1520520738421505865
1520520738471506865
1520520738521549865
1520520738571509865
1520520738621511865
1520520738671512865
1520520738721514865
1520520738771515865
1520520738821623198
1520520738871624198
1520520738921626198
1520520738971628198
1520520739021629198
1520520739071631198
1520520739121632198
1520520739171634198
1520520739221462075
1520520739271464075
1520520739321465075
1520520739371467075
1520520739421469075
1520520739471470075
1520520739521472075
1520520739571474075
1520520739621768268
1520520739671770268
1520520739721772268
1520520739771773268
1520520739821774268
1520520739871776268
1520520739921778268
1520520739971779268
1520520740021511777
1520520740071513777
1520520740121539777
1520520740171516777
1520520740221518777
1520520740271519777
1520520740321521777
1520520740371522777
1520520740421524777
1520520740471424724
1520520740521426724
1520520740571428724
1520520740621429724
1520520740671431724
1520520740721432724
1520520740771434724
1520520740821435724
1520520740871501023
1520520740921503023
1520520740971504023
1520520741021506023
1520520741071508023
1520520741121509023
1520520741171511023
1520520741221513023
1520520741271360830
1520520741321361830
1520520741371363830
1520520741421364830
1520520741471366830
1520520741521368830
1520520741571369830
1520520741621370830
1520520741671522023
1520520741721532023
1520520741771525023
1520520741821527023
1520520741871528023
1520520741921530023
1520520741971531023
1520520742021533023
1520520742072409251
1520520742122411251
1520520742172413251
1520520742222414251
1520520742272416251
1520520742322417251
1520520742372419251
1520520742422420251
1520520742471417689
1520520742521419689
1520520742571420689
1520520742621422689
1520520742671423689
1520520742721425689
1520520742771426689
1520520742821428689
1520520742871429689
1520520742921421093
1520520742971423093
1520520743021424093
1520520743071426093
1520520743121427093
1520520743171429093
1520520743221430093
1520520743271432093
1520520743321730654
1520520743371731654
1520520743421733654
1520520743471734654
1520520743521736654
1520520743571737654
1520520743621739654
1520520743671740654
1520520743721496970
1520520743771498970
1520520743821499970
1520520743871501970
1520520743921502970
1520520743971504970
1520520744021505970
1520520744071507970
1520520744121515935
1520520744171516935
1520520744221518935
1520520744271519935
1520520744321521935
1520520744371523935
1520520744421524935
1520520744471526935
1520520744521719251
1520520744571720251
1520520744621721251
1520520744671723251
1520520744721724251
1520520744771726251
1520520744821727251
1520520744871729251
1520520744921799531
1520520744971800531
1520520745021802531
1520520745071803531
1520520745121805531
1520520745171806531
1520520745221808531
1520520745271809531
1520520745321811531
1520520745371995847
1520520745421996847
1520520745471998847
1520520745521999847
1520520745572001847
1520520745622002847
1520520745672004847
1520520745722005847
1520520745772195566
1520520745822197566
1520520745872198566
1520520745922200566
1520520745972202566
1520520746022203566
1520520746072205566
1520520746122207566
1520520746172824005
1520520746222825005
1520520746272827005
1520520746322829005
1520520746372830005
1520520746422831005
1520520746472833005
1520520746522834005
1520520746573355935
1520520746623357935
1520520746673358935
1520520746723360935
1520520746773361935
1520520746823363935
1520520746873364935
1520520746923366935
1520520746973635601
1520520747023636601
1520520747073638601
1520520747123639601
1520520747173641601
1520520747223642601
1520520747273644601
1520520747323645601
1520520747373647601
1520520747423948900
1520520747473949900
1520520747523951900
1520520747573953900
1520520747623955900
1520520747673956900
1520520747723958900
1520520747773959900
1520520747825510601
1520520747875511601
1520520747925513601
1520520747975514601
1520520748025515601
1520520748075520601
1520520748125518601
1520520748175607601
1520520748230618952
1520520748280619952
1520520748330621952
1520520748380622952
1520520748430624952
1520520748480625952
1520520748530627952
1520520748580629952
1520520748630630952
1520520748680632952
1520520748730633952
1520520748780635952
1520520748830636952
1520520748880638952
1520520748930640952
1520520748980641952
1520520749030643952
1520520749080644952
1520520749130646952
1520520749180648952
1520520749230649952
1520520749280651952
1520520749330653952
1520520749380654952
1520520749430655952
1520520749480657952
1520520749530659952
1520520749580664952
1520520749630662952
1520520749680663952
1520520749730665952
1520520749780732952
1520520749830668952
1520520749880669952
1520520749930671952
1520520749980672952
1520520750030674952
1520520750080675952
1520520750130677952
1520520750180679952
1520520750230680952
1520520750278949619
1520520750328950619
1520520750378952619
1520520750428954619
1520520750478955619
1520520750528957619
1520520750578958619
1520520750628960619
1520520750677266040
1520520750727268040
1520520750777269040
1520520750827271040
1520520750877273040
1520520750927275040
1520520750977276040
1520520751027281040
1520520751075585426
1520520751125587426
1520520751175588426
1520520751225590426
1520520751275591426
1520520751325593426
1520520751375642426
1520520751425596426
1520520751474639882
1520520751524641882
1520520751574642882
1520520751624644882
1520520751674645882
1520520751724647882
1520520751774649882
1520520751824650882
1520520751874652882
1520520751923826444
1520520751973828444
1520520752023829444
1520520752073831444
1520520752123833444
1520520752173834444
1520520752223836444
1520520752273837444
1520520752323710531
1520520752373712531
1520520752423713531
1520520752473715531
1520520752523717531
1520520752573718531
1520520752623720531
1520520752673721531
1520520752724422882
1520520752774424882
1520520752824425882
1520520752874427882
1520520752924429882
1520520752974457882
1520520753024432882
1520520753074433882
1520520753125135742
1520520753175136742
1520520753225138742
1520520753275139742
1520520753325141742
1520520753375143742
1520520753425144742
1520520753475146742
1520520753525310830
1520520753575312830
1520520753625314830
1520520753675315830
1520520753725316830
1520520753775318830
1520520753825320830
1520520753875321830
1520520753924924251
1520520753974926251
1520520754024927251
1520520754074929251
1520520754124930251
1520520754174932251
1520520754224934251
1520520754274935251
1520520754324937251
1520520754374379514
1520520754424380514
1520520754474382514
1520520754524384514
1520520754574393514
1520520754624387514
1520520754674388514
1520520754724390514
1520520754773782601
1520520754823784601
1520520754873785601
1520520754923787601
1520520754973789601
1520520755023790601
1520520755073792601
1520520755123793601
1520520755173210408
1520520755223211408
1520520755273213408
1520520755323215408
1520520755373216408
1520520755423218408
1520520755473220408
1520520755523221408
1520520755572879619
1520520755622881619
1520520755672882619
1520520755722884619
1520520755772885619
1520520755822887619
1520520755872888619
1520520755922889619
1520520755972486637
1520520756022488637
1520520756072489637
1520520756122491637
1520520756172492637
1520520756222494637
1520520756272495637
1520520756322497637
1520520756372498637
1520520756422124286
1520520756472125286
1520520756522127286
1520520756572129286
1520520756622130286
1520520756672132286
1520520756722133286
1520520756772135286
1520520756821883514
1520520756871885514
1520520756921887514
1520520756971888514
1520520757021890514
1520520757071891514
1520520757121893514
1520520757171895514
1520520757221718970
1520520757271720970
1520520757321722970
1520520757371723970
1520520757421725970
1520520757471726970
1520520757521728970
1520520757571729970
1520520757621595742
1520520757671597742
1520520757721599742
1520520757771602742
1520520757821602742
1520520757871603742
1520520757921605742
1520520757971606742
1520520758021573373
1520520758071575373
1520520758121576373
1520520758171578373
1520520758221579373
1520520758271581373
1520520758321582373
1520520758371584373
1520520758421626514
1520520758471627514
1520520758521629514
1520520758571630514
1520520758621632514
1520520758671633514
1520520758721635514
1520520758771637514
1520520758821639514
1520520758871388303
1520520758921390303
1520520758971391303
1520520759021393303
1520520759071394303
1520520759121395303
1520520759171397303
1520520759221399303
1520520759271361987
1520520759321362987
1520520759371364987
1520520759421464987
1520520759471367987
1520520759521369987
1520520759571371987
1520520759621372987
1520520759671414198
1520520759721416198
1520520759771418198
1520520759821419198
1520520759871421198
1520520759921422198
1520520759971424198
1520520760021425198
1520520760071436882
1520520760121437882
1520520760171439882
1520520760221441882
1520520760271442882
1520520760321444882
1520520760371446882
1520520760421447882
1520520760471503900
1520520760521506900
1520520760571507900
1520520760621508900
1520520760671510900
1520520760721514900
1520520760771513900
1520520760821517900
1520520760871542584
1520520760921544584
1520520760971545584
1520520761021624584
1520520761071548584
1520520761121550584
1520520761171551584
1520520761221553584
1520520761271554584
1520520761321566198
1520520761371568198
1520520761421569198
1520520761471571198
1520520761521572198
1520520761571574198
1520520761621575198
1520520761671577198
1520520761721612882
1520520761771613882
1520520761821615882
1520520761871616882
1520520761921618882
1520520761971620882
1520520762021622882
1520520762071622882
1520520762121674777
1520520762171676777
1520520762221677777
1520520762271679777
1520520762321681777
1520520762371682777
1520520762421683777
1520520762471685777
1520520762521687566
1520520762571688566
1520520762621745566
1520520762671691566
1520520762721693566
1520520762771694566
1520520762821696566
1520520762871697566
1520520762921735356
1520520762971737356
1520520763021738356
1520520763071740356
1520520763121741356
1520520763171743356
1520520763221744356
1520520763271746356
1520520763321748356
1520520763371755040
1520520763421757040
1520520763471758040
1520520763521760040
1520520763571762040
1520520763621764040
1520520763671765040
1520520763721766040
1520520763771795408
1520520763821796408
1520520763871798408
1520520763921799408
1520520763971804408
1520520764021803408
1520520764071804408
1520520764121805408
1520520764171848882
1520520764221883882
1520520764271851882
1520520764321853882
1520520764371854882
1520520764421856882
1520520764471857882
1520520764521859882
1520520764571871286
1520520764621872286
1520520764671874286
1520520764721875286
1520520764771877286
1520520764821878286
1520520764871880286
1520520764921882286
1520520764971910935
1520520765021912935
1520520765071914935
1520520765121915935
1520520765171917935
1520520765221918935
1520520765271920935
1520520765321921935
1520520765371944145
1520520765421945145
1520520765471947145
1520520765521949145
1520520765571950145
1520520765621952145
1520520765671953145
1520520765721955145
1520520765771956145
1520520765821978584
1520520765871966584
1520520765921968584
1520520765971969584
1520520766021971584
1520520766071972584
1520520766121974584
1520520766171976584
1520520766221998847
1520520766272000847
1520520766322001847
1520520766372003847
1520520766422004847
1520520766472006847
1520520766522007847
1520520766572009847
1520520766622025251
1520520766672027251
1520520766722028251
1520520766772030251
1520520766822031251
1520520766872032251
1520520766922034251
1520520766972036251
1520520767022073479
1520520767072075479
1520520767122076479
1520520767172077479
1520520767222079479
1520520767272080479
1520520767322082479
1520520767372083479
1520520767422121198
1520520767472122198
1520520767522124198
1520520767572125198
1520520767622127198
1520520767672128198
1520520767722130198
1520520767772132198
1520520767822145689
1520520767872147689
1520520767922148689
1520520767972150689
1520520768022151689
1520520768072153689
1520520768122154689
1520520768172156689
1520520768222158689
1520520768272160830
1520520768322161830
1520520768372163830
1520520768422164830
1520520768472166830
1520520768522167830
1520520768572169830
1520520768622171830
1520520768672184058
1520520768722186058
1520520768772187058
1520520768822188058
1520520768872190058
1520520768922194058
1520520768972193058
1520520769022198058
1520520769072129251
1520520769122131251
1520520769172132251
1520520769222134251
1520520769272135251
1520520769322137251
1520520769372139251
1520520769422140251
1520520769472131233
1520520769522132233
1520520769572134233
1520520769622135233
1520520769672137233
1520520769722138233
1520520769772140233
1520520769822142233
1520520769872167601
1520520769922168601
1520520769972170601
1520520770022171601
1520520770072172601
1520520770122175601
1520520770172176601
1520520770222178601
1520520770272185777
1520520770322159005
1520520770372160005
1520520770422161005
1520520770472168005
1520520770522165005
1520520770572166005
1520520770622168005
1520520770672169005
1520520770722193321
1520520770772194321
1520520770822196321
1520520770872197321
1520520770922199321
1520520770972201321
1520520771022202321
1520520771072204321
1520520771122200970
1520520771172202970
1520520771222203970
1520520771272205970
1520520771322207970
1520520771372208970
1520520771422210970
1520520771472211970
1520520771522177619
1520520771572178619
1520520771622181619
1520520771672182619
1520520771722183619
1520520771772185619
1520520771822187619
1520520771872188619
1520520771922218952
1520520771972220952
1520520772022222952
1520520772072224952
1520520772122225952
1520520772172226952
1520520772222228952
1520520772272317952
1520520772322214619
1520520772372215619
1520520772422217619
1520520772472218619
1520520772522220619
1520520772572222619
1520520772622223619
1520520772672225619
1520520772722226619
1520520772772212759
1520520772822213759
1520520772872215759
1520520772922217759
1520520772972218759
1520520773022220759
1520520773072221759
1520520773122223759
1520520773172197408
1520520773222198408
1520520773272200408
1520520773322201408
1520520773372203408
1520520773422204408
1520520773472207408
1520520773522208408
1520520773572180216
1520520773622182216
1520520773672184216
1520520773722185216
1520520773772189216
1520520773822188216
1520520773872258216
1520520773922191216
1520520773972184356
1520520774022186356
1520520774072187356
1520520774122189356
1520520774172191356
1520520774222192356
1520520774272194356
1520520774322195356
1520520774372187882
1520520774422188882
1520520774472190882
1520520774522191882
1520520774572193882
1520520774622195882
1520520774672196882
1520520774722198882
1520520774772171251
1520520774822173251
1520520774872175251
1520520774922177251
1520520774972178251
1520520775022179251
1520520775072181251
1520520775122185251
1520520775172184251
1520520775222162584
1520520775272164584
1520520775322165584
1520520775372167584
1520520775422169584
1520520775472221584
1520520775522172584
1520520775572173584
1520520775622147794
1520520775672148794
1520520775722150794
1520520775772152794
1520520775822153794
1520520775872155794
1520520775922156794
1520520775972158794
1520520776022124426
1520520776072126426
1520520776122128426
1520520776172129426
1520520776222131426
1520520776272132426
1520520776322134426
1520520776372136426
1520520776422140865
1520520776472142865
1520520776522144865
1520520776572145865
1520520776622147865
1520520776672148865
1520520776722149865
1520520776772151865
1520520776822152742
1520520776872149742
1520520776922151742
1520520776972152742
1520520777022154742
1520520777072189742
1520520777122157742
1520520777172158742
1520520777222160742
1520520777272158233
1520520777322160233
1520520777372162233
1520520777422163233
1520520777472165233
1520520777522166233
1520520777572168233
1520520777622169233
1520520777672174672
1520520777722175672
1520520777772177672
1520520777822179672
1520520777872180672
1520520777922182672
1520520777972183672
1520520778022185672
1520520778072178479
1520520778122180479
1520520778172181479
1520520778222182479
1520520778272185479
1520520778322186479
1520520778372187479
1520520778422188479
1520520778472194619
1520520778522196619
1520520778572197619
1520520778622199619
1520520778672214619
1520520778722202619
1520520778772203619
1520520778822205619
1520520778872205777
1520520778922207777
1520520778972209777
1520520779022210777
1520520779072212777
1520520779122213777
1520520779172215777
1520520779222216777
1520520779272212742
1520520779322214742
1520520779372215742
1520520779422217742
1520520779472218742
1520520779522220742
1520520779572221742
1520520779622223742
1520520779672225742
1520520779722246759
1520520779772247759
1520520779822249759
1520520779872250759
1520520779922252759
1520520779972253759
1520520780022254759
1520520780072256759
1520520780122259461
1520520780172260461
1520520780222262461
1520520780272263461
1520520780322265461
1520520780372266461
1520520780422268461
1520520780472269461
1520520780522273637
1520520780572275637
1520520780622276637
1520520780672278637
1520520780722279637
1520520780772281637
1520520780822282637
1520520780872284637
1520520780922336724
1520520780972338724
1520520781022340724
1520520781072341724
1520520781122343724
1520520781172344724
1520520781222346724
1520520781272348724
1520520781322404830
1520520781372405830
1520520781422407830
1520520781472408830
1520520781522410830
1520520781572411830
1520520781622413830
1520520781672415830
1520520781722515216
1520520781772516216
1520520781822518216
1520520781872520216
1520520781922521216
1520520781972522216
1520520782022524216
1520520782072525216
1520520782122527216
1520520782172666759
1520520782222667759
1520520782272669759
1520520782322670759
1520520782372672759
1520520782422673759
1520520782472675759
1520520782522677759
1520520782572717356
1520520782622719356
1520520782672720356
1520520782722722356
1520520782772723356
1520520782822725356
1520520782872727356
1520520782922728356
1520520782972778373
1520520783022778373
1520520783072780373
1520520783122782373
1520520783172783373
1520520783222785373
1520520783272786373
1520520783322788373
1520520783372794777
1520520783422796777
1520520783472799777
1520520783522799777
1520520783572800777
1520520783622802777
1520520783672803777
1520520783722805777
1520520783772803707
1520520783822804707
1520520783872806707
1520520783922807707
1520520783972809707
1520520784022810707
1520520784072812707
1520520784122814707
1520520784172815707
1520520784222783812
1520520784272784812
1520520784322786812
1520520784372787812
1520520784422789812
1520520784472791812
1520520784522793812
1520520784572795812
1520520784622721145
1520520784672723145
1520520784722724145
1520520784772726145
1520520784822728145
1520520784872729145
1520520784922734145
1520520784972732145
1520520785022661514
1520520785072662514
1520520785122664514
1520520785172665514
1520520785222667514
1520520785272669514
1520520785322670514
1520520785372672514
1520520785422647830
1520520785472649830
1520520785522650830
1520520785572652830
1520520785622653830
1520520785672655830
1520520785722656830
1520520785772658830
1520520785822615426
1520520785872616426
1520520785922618426
1520520785972619426
1520520786022621426
1520520786072623426
1520520786122625426
1520520786172626426
1520520786222591233
1520520786272593233
1520520786322594233
1520520786372595233
1520520786422597233
1520520786472598233
1520520786522600233
1520520786572601233
1520520786622603233
1520520786672602987
1520520786722695987
1520520786772604987
1520520786822606987
1520520786872607987
1520520786922609987
1520520786972611987
1520520787022612987
1520520787072591619
1520520787122592619
1520520787172594619
1520520787222595619
1520520787272597619
1520520787322599619
1520520787372600619
1520520787422602619
1520520787472627619
1520520787522629619
1520520787572631619
1520520787622633619
1520520787672634619
1520520787722635619
1520520787772637619
1520520787822639619
1520520787872651145
1520520787922653145
1520520787972654145
1520520788022658145
1520520788072657145
1520520788122659145
1520520788172660145
1520520788222662145
1520520788272631584
1520520788322707584
1520520788372633584
1520520788422635584
1520520788472636584
1520520788522638584
1520520788572640584
1520520788622641584
1520520788672643584
1520520788722683601
1520520788772685601
1520520788822686601
1520520788872688601
1520520788922690601
1520520788972691601
1520520789022693601
1520520789072694601
1520520789122675058
1520520789172676058
1520520789222678058
1520520789272680058
1520520789322681058
1520520789372683058
1520520789422684058
1520520789472686058
1520520789522687145
1520520789572688145
1520520789622689145
1520520789672691145
1520520789722694145
1520520789772694145
1520520789822696145
1520520789872698145
1520520789922783391
1520520789972722391
1520520790022724391
1520520790072726391
1520520790122727391
1520520790172729391
1520520790222730391
1520520790272732391
1520520790322710444
1520520790372712444
1520520790422713444
1520520790472715444
1520520790522717444
1520520790572718444
1520520790622720444
1520520790672721444
1520520790722766672
1520520790772768672
1520520790822769672
1520520790872771672
1520520790922772672
1520520790972774672
1520520791022775672
1520520791072777672
1520520791122779672
1520520791172783900
1520520791222784900
1520520791272786900
1520520791322788900
1520520791372789900
1520520791422791900
1520520791472792900
1520520791522844900
1520520791572782707
1520520791622784707
1520520791672786707
1520520791722787707
1520520791772789707
1520520791822790707
1520520791872792707
1520520791922793707
1520520791972800198
1520520792022801198
1520520792072803198
1520520792122804198
1520520792172806198
1520520792222808198
1520520792272810198
1520520792322811198
1520520792372753110
1520520792422755110
1520520792472757110
1520520792522758110
1520520792572760110
1520520792622762110
1520520792672763110
1520520792722765110
1520520792772766110
1520520792822768110
1520520792872769110
1520520792922771110
1520520792972773110
1520520793022774110
1520520793072776110
1520520793122815110
1520520793172778110
1520520793222772110
1520520793272774110
1520520793322775110
1520520793372777110
1520520793422778110
1520520793472780110
1520520793522781110
1520520793572783110
1520520793622774566
1520520793672776566
1520520793722778566
1520520793772779566
1520520793822781566
1520520793872782566
1520520793922784566
1520520793972785566
1520520794022795707
1520520794072797707
1520520794122798707
1520520794172800707
1520520794222802707
1520520794272803707
1520520794322805707
1520520794372806707
1520520794422800058
1520520794472802058
1520520794522804058
1520520794572805058
1520520794622807058
1520520794672809058
1520520794722835058
1520520794772811058
1520520794822819023
1520520794872820023
1520520794922822023
1520520794972824023
1520520795022825023
1520520795072827023
1520520795122828023
1520520795172830023
1520520795222825689
1520520795272827689
1520520795322828689
1520520795372830689
1520520795422832689
1520520795472833689
1520520795522835689
1520520795572836689
1520520795622838689
1520520795672813882
1520520795722814882
1520520795772816882
1520520795822818882
1520520795872819882
1520520795922821882
1520520795972822882
1520520796022824882
1520520796072844566
1520520796122845566
1520520796172847566
1520520796222848566
1520520796272850566
1520520796322864566
1520520796372852566
1520520796422854566
1520520796472842373
1520520796522844373
1520520796572846373
1520520796622847373
1520520796672849373
1520520796722850373
1520520796772852373
1520520796822853373
1520520796872849338
1520520796922851338
1520520796972852338
1520520797022854338
1520520797072855338
1520520797122857338
1520520797172858338
1520520797222860338
1520520797272871952
1520520797322873952
1520520797372874952
1520520797422875952
1520520797472878952
1520520797522878952
1520520797572880952
1520520797622882952
1520520797672879742
1520520797722881742
1520520797772882742
1520520797822884742
1520520797872885742
1520520797922891742
1520520797972888742
1520520798022890742
1520520798072891742
1520520798122919847
1520520798172921847
1520520798222922847
1520520798272924847
1520520798322925847
1520520798372927847
1520520798422928847
1520520798472930847
1520520798522921338
1520520798572922338
1520520798622924338
1520520798672925338
1520520798722927338
1520520798772928338
1520520798822930338
1520520798872931338
1520520798922934479
1520520798972936479
1520520799022937479
1520520799072938479
1520520799122940479
1520520799172941479
1520520799222943479
1520520799272944479
1520520799322961847
1520520799372962847
1520520799422964847
1520520799472965847
1520520799522967847
1520520799572968847
1520520799622970847
1520520799672971847
1520520799722967251
1520520799772969251
1520520799822970251
1520520799872972251
1520520799922973251
1520520799972975251
1520520800022976251
1520520800072978251
1520520800122980251
1520520800173002794
1520520800223004794
1520520800273005794
1520520800323007794
1520520800373008794
1520520800423010794
1520520800473012794
1520520800523013794
1520520800573013268
1520520800623015268
1520520800673016268
1520520800723018268
1520520800773019268
1520520800823023268
1520520800873022268
1520520800923023268
1520520800973039531
1520520801023040531
1520520801073042531
1520520801123043531
1520520801173044531
1520520801223046531
1520520801273047531
1520520801323049531
1520520801373058759
1520520801423059759
1520520801473061759
1520520801523062759
1520520801573064759
1520520801623065759
1520520801673067759
1520520801723068759
1520520801773066830
1520520801823068830
1520520801873069830
1520520801923071830
1520520801973072830
1520520802023074830
1520520802073076830
1520520802123078830
1520520802173088742
1520520802223089742
1520520802273091742
1520520802323093742
1520520802373094742
1520520802423096742
1520520802473098742
1520520802523099742
1520520802573100742
1520520802623083794
1520520802673085794
1520520802723090794
1520520802773087794
1520520802823089794
1520520802873091794
1520520802923092794
1520520802973094794
1520520803023096286
1520520803073098286
1520520803123099286
1520520803173101286
1520520803223102286
1520520803273104286
1520520803323106286
1520520803373107286
1520520803423122198
1520520803473123198
1520520803523125198
1520520803573127198
1520520803623128198
1520520803673129198
1520520803723132198
1520520803773133198
1520520803823139040
1520520803873142040
1520520803923143040
1520520803973145040
1520520804023146040
1520520804073147040
1520520804123149040
1520520804173150040
1520520804223143549
1520520804273144549
1520520804323150549
1520520804373147549
1520520804423149549
1520520804473150549
1520520804523152549
1520520804573154549
1520520804623162005
1520520804673146601
1520520804723147601
1520520804773149601
1520520804823150601
1520520804873152601
1520520804923154601
1520520804973155601
1520520805023157601
1520520805073150672
1520520805123152672
1520520805173153672
1520520805223155672
1520520805273157672
1520520805323159672
1520520805373160672
1520520805423162672
1520520805473169496
1520520805523171496
1520520805573172496
1520520805623174496
1520520805673175496
1520520805723177496
1520520805773178496
1520520805823180496
1520520805873166268
1520520805923168268
1520520805973169268
1520520806023171268
1520520806073172268
1520520806123174268
1520520806173176268
1520520806223177268
1520520806273197023
1520520806323198023
1520520806373200023
1520520806423201023
1520520806473203023
1520520806523204023
1520520806573206023
1520520806623208023
1520520806673237321
1520520806723238321
1520520806773239321
1520520806823241321
1520520806873242321
1520520806923245321
1520520806973246321
1520520807023248321
1520520807073249321
1520520807123262128
1520520807173263128
1520520807223265128
1520520807273266128
1520520807323267128
1520520807373269128
1520520807423271128
1520520807473272128
1520520807523290689
1520520807573291689
1520520807623293689
1520520807673294689
1520520807723296689
1520520807773298689
1520520807823299689
1520520807873301689
1520520807923300163
1520520807973302163
1520520808023303163
1520520808073305163
1520520808123306163
1520520808173308163
1520520808223310163
1520520808273311163
1520520808323331058
1520520808373333058
1520520808423334058
1520520808473336058
1520520808523338058
1520520808573339058
1520520808623341058
1520520808673342058
1520520808723372408
1520520808773373408
1520520808823375408
1520520808873376408
1520520808923378408
1520520808973379408
1520520809023381408
1520520809073382408
1520520809123411286
1520520809173515286
1520520809223414286
1520520809273415286
1520520809323417286
1520520809373419286
1520520809423420286
1520520809473422286
1520520809523423286
1520520809573457005
1520520809623458005
1520520809673460005
1520520809723461005
1520520809773463005
1520520809823465005
1520520809873466005
1520520809923468005
1520520809973468952
1520520810023469952
1520520810073470952
1520520810123473952
1520520810173474952
1520520810223476952
1520520810273477952
1520520810323479952
1520520810373476882
1520520810423478882
1520520810473479882
1520520810523481882
1520520810573486882
1520520810623484882
1520520810673485882
1520520810723487882
1520520810773567391
1520520810823470391
1520520810873471391
1520520810923473391
1520520810973475391
1520520811023476391
1520520811073478391
1520520811123479391
1520520811173496128
1520520811223497128
1520520811273499128
1520520811323500128
1520520811373502128
1520520811423504128
1520520811473505128
1520520811523507128
1520520811573624356
1520520811623625356
1520520811673626356
1520520811723629356
1520520811773630356
1520520811823631356
1520520811873633356
1520520811923635356
1520520811973636356
1520520812024161444
1520520812074162444
1520520812124164444
1520520812174165444
1520520812224167444
1520520812274168444
1520520812324170444
1520520812374267444
1520520812426178356
1520520812476179356
1520520812526181356
1520520812576183356
1520520812626184356
1520520812676186356
1520520812726187356
1520520812776189356
1520520812831810777
1520520812881812777
1520520812931813777
1520520812981815777
1520520813031817777
1520520813081818777
1520520813131820777
1520520813181822777
1520520813232649952
1520520813282651952
1520520813332653952
1520520813382654952
1520520813432655952
1520520813482657952
1520520813532659952
1520520813582660952
1520520813632661952
1520520813682663952
1520520813732665952
1520520813782666952
1520520813832668952
1520520813882669952
1520520813932671952
1520520813982766952
1520520814032674952
1520520814082675952
1520520814132677952
1520520814182679952
1520520814232680952
1520520814282682952
1520520814332683952
1520520814382685952
1520520814432686952
1520520814482688952
1520520814532690952
1520520814582691952
1520520814632693952
1520520814682694952
1520520814732696952
1520520814782698952
1520520814832699952
1520520814882701952
1520520814932703952
1520520814982704952
1520520815032705952
1520520815082707952
1520520815132709952
1520520815182711952
1520520815232712952
1520520815282714952
1520520815332715952
1520520815382716952
1520520815432718952
1520520815482719952
1520520815532721952
1520520815582812952
1520520815632724952
1520520815682725952
1520520815732727952
1520520815782729952
1520520815832730952
1520520815882732952
1520520815932733952
1520520815982735952
1520520816032736952
1520520816082738952
1520520816132740952
1520520816182741952
1520520816232743952
1520520816282744952
1520520816332746952
1520520816382747952
1520520816432749952
1520520816482751952
1520520816532752952
1520520816582754952
1520520816632755952
1520520816682757952
1520520816732759952
1520520816782760952
1520520816832761952
1520520816882763952
1520520816932765952
1520520816982766952
1520520817032768952
1520520817082769952
1520520817132771952
1520520817182862952
1520520817232774952
1520520817282775952
1520520817332777952
1520520817382779952
1520520817432780952
1520520817482782952
1520520817532783952
1520520817582785952
1520520817632786952
1520520817682788952
1520520817732789952
1520520817782791952
1520520817832793952
1520520817882794952
1520520817932796952
1520520817982798952
1520520818032799952
1520520818082801952
1520520818132802952
1520520818182804952
1520520818232806952
1520520818282807952
1520520818332809952
1520520818382810952
1520520818432812952
1520520818482813952
1520520818532815952
1520520818582816952
1520520818632818952
1520520818682822952
1520520818732821952
1520520818782909952
1520520818832824952
1520520818882825952
1520520818932827952
1520520818982829952
1520520819032830952
1520520819082832952
1520520819132833952
1520520819182835952
1520520819232836952
1520520819282838952
1520520819332839952
1520520819382841952
1520520819432843952
1520520819482844952
1520520819532846952
1520520819582847952
1520520819632849952
1520520819682851952
1520520819732853952
1520520819782854952
1520520819832856952
1520520819882857952
1520520819932859952
1520520819982860952
1520520820032861952
1520520820082863952
1520520820132865952
1520520820182868952
1520520820232868952
1520520820282873952
1520520820332871952
1520520820382943952
1520520820432874952
1520520820482876952
1520520820532877952
1520520820582879952
1520520820632880952
1520520820682882952
1520520820732883952
1520520820782885952
1520520820832886952
1520520820882888952
1520520820932889952
1520520820982891952
1520520821025599286
1520520821075600286
1520520821125602286
1520520821175603286
1520520821225605286
1520520821275606286
1520520821325609286
1520520821375610286
1520520821423653812
1520520821473655812
1520520821523657812
1520520821573658812
1520520821623659812
1520520821673661812
1520520821723663812
1520520821773664812
1520520821823695865
1520520821873697865
1520520821923698865
1520520821973751865
1520520822023701865
1520520822073702865
1520520822123704865
1520520822173706865
1520520822223722882
1520520822273724882
1520520822323725882
1520520822373727882
1520520822423728882
1520520822473730882
1520520822523732882
1520520822573733882
1520520822623751391
1520520822673752391
1520520822723754391
1520520822773755391
1520520822823757391
1520520822873758391
1520520822923760391
1520520822973762391
1520520823023751952
1520520823073754952
1520520823123755952
1520520823173756952
1520520823223758952
1520520823273759952
1520520823323761952
1520520823373762952
1520520823423764952
1520520823473865742
1520520823523867742
1520520823573900742
1520520823623870742
1520520823673871742
1520520823723873742
1520520823773875742
1520520823823876742
1520520823873922742
1520520823923923742
1520520823973925742
1520520824023926742
1520520824073928742
1520520824123929742
1520520824173931742
1520520824223933742
1520520824273854251
1520520824323856251
1520520824373858251
1520520824423859251
1520520824473860251
1520520824523863251
1520520824573864251
1520520824623866251
1520520824673910198
1520520824723912198
1520520824773913198
1520520824823915198
1520520824873916198
1520520824923919198
1520520824973919198
1520520825023921198
1520520825073918830
1520520825123920830
1520520825173939830
1520520825223923830
1520520825273924830
1520520825323926830
1520520825373928830
1520520825423929830
1520520825473931830
1520520825523968970
1520520825573970970
1520520825623971970
1520520825673973970
1520520825723974970
1520520825773976970
1520520825823978970
1520520825873979970
1520520825923912847
1520520825973913847
1520520826023915847
1520520826073917847
1520520826123919847
1520520826173920847
1520520826223922847
1520520826273923847
1520520826323942742
1520520826373944742
1520520826423946742
1520520826473947742
1520520826523949742
1520520826573950742
1520520826623952742
1520520826673954742
1520520826723982970
1520520826773987970
1520520826823985970
1520520826873987970
1520520826923988970
1520520826973990970
1520520827023991970
1520520827073993970
1520520827124017987
1520520827174019987
1520520827224020987
1520520827274022987
1520520827324024987
1520520827374025987
1520520827424027987
1520520827474029987
1520520827524014216
1520520827574015216
1520520827624017216
1520520827674018216
1520520827724021216
1520520827774022216
1520520827824023216
1520520827874025216
1520520827924027216
1520520827974039865
1520520828024041865
1520520828074042865
1520520828124044865
1520520828174045865
1520520828224047865
1520520828274048865
1520520828324050865
1520520828374054408
1520520828424055408
1520520828474057408
1520520828524058408
1520520828574060408
1520520828624061408
1520520828674063408
1520520828724064408
1520520828774121286
1520520828824122286
1520520828874124286
1520520828924126286
1520520828974127286
1520520829024129286
1520520829074130286
1520520829124132286
1520520829174154777
1520520829224155777
1520520829274156777
1520520829324158777
1520520829374160777
1520520829424162777
1520520829474163777
1520520829524165777
1520520829574168601
1520520829624170601
1520520829674172601
1520520829724173601
1520520829774174601
1520520829824176601
1520520829874177601
1520520829924179601
1520520829974211286
1520520830024208286
1520520830074209286
1520520830124211286
1520520830174213286
1520520830224214286
1520520830274216286
1520520830324217286
1520520830374219286
1520520830424262882
1520520830474264882
1520520830524266882
1520520830574267882
1520520830624269882
1520520830674270882
1520520830724272882
1520520830774273882
1520520830824300865
1520520830874301865
1520520830924303865
1520520830974305865
1520520831024307865
1520520831074308865
1520520831124310865
1520520831174311865
1520520831224305865
1520520831274306865
1520520831324308865
1520520831374309865
1520520831424311865
1520520831474313865
1520520831524314865
1520520831574317865
1520520831624270637
1520520831674271637
1520520831724273637
1520520831774275637
1520520831824276637
1520520831874278637
1520520831924279637
1520520831974281637
1520520832024265303
1520520832074267303
1520520832124268303
1520520832174270303
1520520832224272303
1520520832274273303
1520520832324275303
1520520832374276303
1520520832424278303
1520520832474262882
1520520832524264882
1520520832574266882
1520520832624267882
1520520832674269882
1520520832724271882
1520520832774273882
1520520832824274882
1520520832874311461
1520520832924312461
1520520832974314461
1520520833024321461
1520520833074317461
1520520833124319461
1520520833174320461
1520520833224322461
1520520833274343391
1520520833324345391
1520520833374347391
1520520833424348391
1520520833474350391
1520520833524351391
1520520833574353391
1520520833624354391
1520520833674304672
1520520833724306672
1520520833774307672
1520520833824309672
1520520833874311672
1520520833924312672
1520520833974314672
1520520834024315672
1520520834074328812
1520520834124331812
1520520834174332812
1520520834224333812
1520520834274335812
1520520834324337812
1520520834374338812
1520520834424340812
1520520834474348198
1520520834524350198
1520520834574351198
1520520834624353198
1520520834674355198
1520520834724356198
1520520834774358198
1520520834824453198
1520520834874361198
1520520834924338128
1520520834974340128
1520520835024341128
1520520835074343128
1520520835124344128
1520520835174346128
1520520835224347128
1520520835274349128
1520520835324344812
1520520835374345812
1520520835424347812
1520520835474348812
1520520835524350812
1520520835574351812
1520520835624353812
1520520835674355812
1520520835724332531
1520520835774334531
1520520835824335531
1520520835874337531
1520520835924339531
1520520835974340531
1520520836024341531
1520520836074344531
1520520836124362584
1520520836174363584
1520520836224365584
1520520836274367584
1520520836324370584
1520520836374370584
1520520836424458584
1520520836474373584
1520520836524372128
1520520836574374128
1520520836624375128
1520520836674377128
1520520836724378128
1520520836774380128
1520520836824381128
1520520836874383128
1520520836924385128
1520520836974373286
1520520837024375286
1520520837074376286
1520520837124378286
1520520837174379286
1520520837224381286
1520520837274382286
1520520837324385286
1520520837374398286
1520520837424399286
1520520837474402286
1520520837524402286
1520520837574404286
1520520837624406286
1520520837674407286
1520520837724409286
1520520837774388110
1520520837824390110
1520520837874391110
1520520837924397110
1520520837974394110
1520520838024470110
1520520838074397110
1520520838124399110
1520520838174413180
1520520838224414180
1520520838274416180
1520520838324417180
1520520838374419180
1520520838424420180
1520520838474422180
1520520838524424180
1520520838574397040
1520520838624399040
1520520838674400040
1520520838724402040
1520520838774403040
1520520838824405040
1520520838874406040
1520520838924408040
1520520838974391163
1520520839024393163
1520520839074394163
1520520839124395163
1520520839174397163
1520520839224399163
1520520839274400163
1520520839324401163
1520520839374403163
1520520839424434023
1520520839474434023
1520520839524436023
1520520839574437023
1520520839624501023
1520520839674440023
1520520839724442023
1520520839774444023
1520520839824416742
1520520839874418742
1520520839924419742
1520520839974421742
1520520840024422742
1520520840074424742
1520520840124425742
1520520840174427742
1520520840224418163
1520520840274419163
1520520840324421163
1520520840374422163
1520520840424424163
1520520840474425163
1520520840524427163
1520520840574429163
1520520840624403005
1520520840674405005
1520520840724407005
1520520840774408005
1520520840824410005
1520520840874411005
1520520840924413005
1520520840974414005
1520520841024382391
1520520841074383391
1520520841124385391
1520520841174386391
1520520841224435391
1520520841274389391
1520520841324391391
1520520841374393391
1520520841424394391
1520520841474411128
1520520841524412128
1520520841574414128
1520520841624415128
1520520841674417128
1520520841724418128
1520520841774420128
1520520841824422128
1520520841874400531
1520520841924402531
1520520841974403531
1520520842024405531
1520520842074406531
1520520842124408531
1520520842174410531
1520520842224412531
1520520842274397110
1520520842324399110
1520520842374400110
1520520842424402110
1520520842474403110
1520520842524405110
1520520842574406110
1520520842624408110
1520520842674411356
1520520842724413356
1520520842774415356
1520520842824451356
1520520842874417356
1520520842924419356
1520520842974421356
1520520843024422356
1520520843074403794
1520520843124404794
1520520843174406794
1520520843224407794
1520520843274409794
1520520843324410794
1520520843374412794
1520520843424414794
1520520843474417408
1520520843524419408
1520520843574420408
1520520843624422408
1520520843674423408
1520520843724425408
1520520843774427408
1520520843824429408
1520520843874430408
1520520843924386303
1520520843974387303
1520520844024389303
1520520844074390303
1520520844124391303
1520520844174393303
1520520844224395303
1520520844274396303
1520520844324391426
1520520844374392426
1520520844424417426
1520520844474395426
1520520844524397426
1520520844574399426
1520520844624400426
1520520844674402426
1520520844724373952
1520520844774375952
1520520844824376952
1520520844874378952
1520520844924379952
1520520844974381952
1520520845024383952
1520520845074384952
1520520845124368707
1520520845174369707
1520520845224371707
1520520845274373707
1520520845324374707
1520520845374376707
1520520845424378707
1520520845474379707
1520520845524383040
1520520845574384040
1520520845624386040
1520520845674387040
1520520845724388040
1520520845774390040
1520520845824392040
1520520845874393040
1520520845924369847
1520520845974370847
1520520846024381847
1520520846074373847
1520520846124375847
1520520846174377847
1520520846224378847
1520520846274380847
1520520846324381847
1520520846374373812
1520520846424374812
1520520846474376812
1520520846524378812
1520520846574379812
1520520846624381812
1520520846674382812
1520520846724384812
1520520846774368198
1520520846824370198
1520520846874372198
1520520846924373198
1520520846974375198
1520520847024377198
1520520847074378198
1520520847124380198
1520520847174365198
1520520847224367198
1520520847274368198
1520520847324370198
1520520847374371198
1520520847424373198
1520520847474374198
1520520847524376198
1520520847574373777
1520520847624374777
1520520847674376777
1520520847724377777
1520520847774379777
1520520847824380777
1520520847874382777
1520520847924383777
1520520847974371672
1520520848024372672
1520520848074374672
1520520848124376672
1520520848174377672
1520520848224379672
1520520848274380672
1520520848324382672
1520520848374383672
1520520848424372759
1520520848474373759
1520520848524375759
1520520848574377759
1520520848624379759
1520520848674380759
1520520848724382759
1520520848774383759
1520520848824370742
1520520848874371742
1520520848924377742
1520520848974374742
1520520849024376742
1520520849074378742
1520520849124379742
1520520849174381742
1520520849224365479
1520520849274366479
1520520849324368479
1520520849374370479
1520520849424371479
1520520849474373479
1520520849524374479
1520520849574376479
1520520849624360286
1520520849674362286
1520520849724363286
1520520849774365286
1520520849824367286
1520520849874368286
1520520849924370286
1520520849974371286
1520520850024349917
1520520850074350917
1520520850124352917
1520520850174354917
1520520850224356917
1520520850274357917
1520520850324359917
1520520850374360917
1520520850424352251
1520520850474353251
1520520850524355251
1520520850574357251
1520520850624358251
1520520850674360251
1520520850724362251
1520520850774363251
1520520850824364251
1520520850874353040
1520520850924355040
1520520850974357040
1520520851024358040
1520520851074360040
1520520851124361040
1520520851174363040
1520520851224364040
1520520851274359163
1520520851324361163
1520520851374362163
1520520851424364163
1520520851474365163
1520520851524367163
1520520851574368163
1520520851624370163
1520520851674374338
1520520851724375338
1520520851774377338
1520520851824378338
1520520851874380338
1520520851924382338
1520520851974383338
1520520852024385338
1520520852074385373
1520520852124386373
1520520852174388373
1520520852224389373
1520520852274390373
1520520852324392373
1520520852374393373
1520520852424395373
1520520852474388865
1520520852524390865
1520520852574392865
1520520852624393865
1520520852674395865
1520520852724396865
1520520852774398865
1520520852824399865
1520520852874397935
1520520852924399935
1520520852974400935
1520520853024402935
1520520853074403935
1520520853124405935
1520520853174406935
1520520853224408935
1520520853274410935
1520520853324409619
1520520853374411619
1520520853424412619
1520520853474414619
1520520853524416619
1520520853574417619
1520520853624419619
1520520853674420619
1520520853724416163
1520520853774418163
1520520853824419163
1520520853874421163
1520520853924422163
1520520853974424163
1520520854024425163
1520520854074526163
1520520854124429216
1520520854174431216
1520520854224432216
1520520854274434216
1520520854324435216
1520520854374437216
1520520854424438216
1520520854474440216
1520520854524437286
1520520854574439286
1520520854624441286
1520520854674442286
1520520854724444286
1520520854774445286
1520520854824447286
1520520854874449286
1520520854924444952
1520520854974446952
1520520855024448952
1520520855074449952
1520520855124450952
1520520855174452952
1520520855224454952
1520520855274456952
1520520855324457180
1520520855374458180
1520520855424460180
1520520855474462180
1520520855524463180
1520520855574465180
1520520855624466180
1520520855674551180
1520520855724469180
1520520855774468233
1520520855824469233
1520520855874471233
1520520855924472233
1520520855974474233
1520520856024475233
1520520856074477233
1520520856124478233
1520520856174485496
1520520856224487496
1520520856274488496
1520520856324490496
1520520856374492496
1520520856424493496
1520520856474494496
1520520856524496496
1520520856574499058
1520520856624501058
1520520856674502058
1520520856724504058
1520520856774505058
1520520856824507058
1520520856874509058
1520520856924510058
1520520856974506303
1520520857024507303
1520520857074509303
1520520857124510303
1520520857174515303
1520520857224513303
1520520857274584303
1520520857324516303
1520520857374517180
1520520857424518180
1520520857474520180
1520520857524521180
1520520857574523180
1520520857624524180
1520520857674526180
1520520857724528180
1520520857774529180
1520520857824531321
1520520857874532321
1520520857924534321
1520520857974536321
1520520858024537321
1520520858074539321
1520520858124540321
1520520858174542321
1520520858224546777
1520520858274548777
1520520858324549777
1520520858374550777
1520520858424552777
1520520858474553777
1520520858524555777
1520520858574557777
1520520858624564180
1520520858674565180
1520520858724567180
1520520858774568180
1520520858824570180
1520520858874626180
1520520858924573180
1520520858974575180
1520520859024584110
1520520859074586110
1520520859124587110
1520520859174589110
1520520859224590110
1520520859274592110
1520520859324593110
1520520859374595110
1520520859424609601
1520520859474610601
1520520859524612601
1520520859574613601
1520520859624615601
1520520859674616601
1520520859724618601
1520520859774620601
1520520859824666794
1520520859874668794
1520520859924669794
1520520859974671794
1520520860024673794
1520520860074674794
1520520860124675794
1520520860174677794
1520520860224679794
1520520860274726900
1520520860324733900
1520520860374729900
1520520860424731900
1520520860474773900
1520520860524734900
1520520860574736900
1520520860624737900
1520520860674765233
1520520860724766233
1520520860774768233
1520520860824769233
1520520860874771233
1520520860924773233
1520520860974774233
1520520861024776233
1520520861074789023
1520520861124791023
1520520861174792023
1520520861224794023
1520520861274795023
1520520861324797023
1520520861374799023
1520520861424800023
1520520861474807847
1520520861524809847
1520520861574810847
1520520861624812847
1520520861674814847
1520520861724815847
1520520861774816847
1520520861824818847
1520520861874818865
1520520861924820865
1520520861974822865
1520520862024823865
1520520862074848865
1520520862124826865
1520520862174828865
1520520862224829865
1520520862274831865
1520520862324827040
1520520862374829040
1520520862424830040
1520520862474832040
1520520862524834040
1520520862574835040
1520520862624837040
1520520862674838040
1520520862724851970
1520520862774852970
1520520862824854970
1520520862874855970
1520520862924857970
1520520862974859970
1520520863024860970
1520520863074862970
1520520863124847286
1520520863174848286
1520520863224849286
1520520863274851286
1520520863324852286
1520520863374854286
1520520863424856286
1520520863474857286
1520520863524868338
1520520863574869338
1520520863624871338
1520520863674879338
1520520863724874338
1520520863774876338
1520520863824877338
1520520863874879338
1520520863924883286
1520520863974885286
1520520864024886286
1520520864074888286
1520520864124889286
1520520864174891286
1520520864224893286
1520520864274894286
1520520864324878601
1520520864374879601
1520520864424881601
1520520864474882601
1520520864524884601
1520520864574886601
1520520864624887601
1520520864674889601
1520520864724891601
1520520864774888531
1520520864824890531
1520520864874892531
1520520864924893531
1520520864974894531
1520520865024896531
1520520865074898531
1520520865124899531
1520520865174902075
1520520865224904075
1520520865274906075
1520520865324907075
1520520865374909075
1520520865424910075
1520520865474912075
1520520865524913075
1520520865574920619
1520520865624921619
1520520865674923619
1520520865724924619
1520520865774926619
1520520865824928619
1520520865874929619
1520520865924931619
1520520865974953742
1520520866024955742
1520520866074957742
1520520866124958742
1520520866174960742
1520520866224962742
1520520866274963742
1520520866324965742
1520520866374978391
1520520866424980391
1520520866474982391
1520520866524983391
1520520866574984391
1520520866624986391
1520520866674988391
1520520866724989391
1520520866775006672
1520520866825008672
1520520866875011672
1520520866925011672
1520520866975013672
1520520867025014672
1520520867075016672
1520520867125017672
1520520867175019672
1520520867225037654
1520520867275039654
1520520867325041654
1520520867375042654
1520520867425044654
1520520867475045654
1520520867525047654
1520520867575048654
1520520867625032689
1520520867675033689
1520520867725035689
1520520867775037689
1520520867825038689
1520520867875040689
1520520867925042689
1520520867975043689
1520520868025056777
1520520868075057777
1520520868125059777
1520520868175060777
1520520868225062777
1520520868275064777
1520520868325065777
1520520868375067777
1520520868425058040
1520520868475059040
1520520868525061040
1520520868575063040
1520520868625064040
1520520868675066040
1520520868725067040
1520520868775069040
1520520868825059724
1520520868875061724
1520520868925062724
1520520868975064724
1520520869025066724
1520520869075067724
1520520869125069724
1520520869175070724
1520520869225072724
1520520869275076812
1520520869325078812
1520520869375080812
1520520869425081812
1520520869475083812
1520520869525085812
1520520869575086812
1520520869625088812
1520520869675079654
1520520869725080654
1520520869775081654
1520520869825083654
1520520869875085654
1520520869925086654
1520520869975088654
1520520870025089654
1520520870075085830
1520520870125181830
1520520870175088830
1520520870225089830
1520520870275091830
1520520870325092830
1520520870375094830
1520520870425095830
1520520870475096566
1520520870525098566
1520520870575099566
1520520870625101566
1520520870675102566
1520520870725104566
1520520870775105566
1520520870825107566
1520520870875134812
1520520870925136812
1520520870975138812
1520520871025139812
1520520871075141812
1520520871125143812
1520520871175144812
1520520871225146812
1520520871275165777
1520520871325167777
1520520871375168777
1520520871425170777
1520520871475171777
1520520871525173777
1520520871575175777
1520520871625176777
1520520871675177777
1520520871725275882
1520520871775199882
1520520871825200882
1520520871875202882
1520520871925203882
1520520871975205882
1520520872025206882
1520520872075208882
1520520872125208408
1520520872175210408
1520520872225212408
1520520872275213408
1520520872325215408
1520520872375216408
1520520872425218408
1520520872475219408
1520520872525232005
1520520872575234005
1520520872625235005
1520520872675237005
1520520872725239005
1520520872775240005
1520520872825242005
1520520872875244005
1520520872925228303
1520520872975229303
1520520873025231303
1520520873075232303
1520520873125234303
1520520873175236303
1520520873225237303
1520520873275238303
1520520873325316479
1520520873375256479
1520520873425257479
1520520873475259479
1520520873525260479
1520520873575262479
1520520873625263479
1520520873675265479
1520520873725266479
1520520873775262163
1520520873825264163
1520520873875265163
1520520873925267163
1520520873975268163
1520520874025270163
1520520874075271163
1520520874125273163
1520520874175264216
1520520874225265216
1520520874275267216
1520520874325269216
1520520874375270216
1520520874425272216
1520520874475273216
1520520874525275216
1520520874575301584
1520520874625301584
1520520874675302584
1520520874725304584
1520520874775305584
1520520874825307584
1520520874875309584
1520520874925353584
1520520874975294900
1520520875025295900
1520520875075297900
1520520875125298900
1520520875175300900
1520520875225301900
1520520875275303900
1520520875325304900
1520520875375317987
1520520875425319987
1520520875475320987
1520520875525322987
1520520875575324987
1520520875625325987
1520520875675326987
1520520875725328987
1520520875775365654
1520520875825366654
1520520875875368654
1520520875925370654
1520520875975371654
1520520876025373654
1520520876075375654
1520520876125376654
1520520876175377654
1520520876225377479
1520520876275378479
1520520876325380479
1520520876375382479
1520520876425383479
1520520876475384479
1520520876525410479
1520520876575388479
1520520876625400426
1520520876675402426
1520520876725403426
1520520876775405426
1520520876825406426
1520520876875408426
1520520876925409426
1520520876975411426
1520520877025400865
1520520877075401865
1520520877125403865
1520520877175404865
1520520877225406865
1520520877275407865
1520520877325409865
1520520877375411865
1520520877425409426
1520520877475411426
1520520877525413426
1520520877575414426
1520520877625416426
1520520877675418426
1520520877725418426
1520520877775420426
1520520877825444812
1520520877875445812
1520520877925447812
1520520877975448812
1520520878025450812
1520520878075451812
1520520878125459812
1520520878175455812
1520520878225456812
1520520878275457268
1520520878325458268
1520520878375460268
1520520878425461268
1520520878475463268
1520520878525465268
1520520878575466268
1520520878625468268
1520520878675461408
1520520878725463408
1520520878775464408
1520520878825466408
1520520878875467408
1520520878925469408
1520520878975471408
1520520879025472408
1520520879075473514
1520520879125474514
1520520879175475514
1520520879225476514
1520520879275478514
1520520879325480514
1520520879375482514
1520520879425483514
1520520879475504882
1520520879525505882
1520520879575507882
1520520879625508882
1520520879675510882
1520520879725511882
1520520879775513882
1520520879825514882
1520520879875521233
1520520879925522233
1520520879975524233
1520520880025525233
1520520880075527233
1520520880125529233
1520520880175530233
1520520880225532233
1520520880275538426
1520520880325540426
1520520880375541426
1520520880425543426
1520520880475545426
1520520880525546426
1520520880575548426
1520520880625549426
1520520880675551426
1520520880725562759
1520520880775563759
1520520880825565759
1520520880875566759
1520520880925568759
1520520880975570759
1520520881025571759
1520520881075572759
1520520881125582338
1520520881175584338
1520520881225585338
1520520881275587338
1520520881325588338
1520520881375590338
1520520881425591338
1520520881475593338
1520520881525599531
1520520881575601531
1520520881625602531
1520520881675604531
1520520881725605531
1520520881775607531
1520520881825609531
1520520881875610531
1520520881925605233
1520520881975607233
1520520882025608233
1520520882075609233
1520520882125611233
1520520882175613233
1520520882225614233
1520520882275616233
1520520882325623286
1520520882375624286
1520520882425626286
1520520882475628286
1520520882525629286
1520520882575631286
1520520882625632286
1520520882675633286
1520520882725610654
1520520882775612654
1520520882825613654
1520520882875614654
1520520882925616654
1520520882975618654
1520520883025619654
1520520883075621654
1520520883125622654
1520520883175621145
1520520883225622145
1520520883275624145
1520520883325625145
1520520883375627145
1520520883425629145
1520520883475630145
1520520883525632145
1520520883575652724
1520520883625654724
1520520883675655724
1520520883725657724
1520520883775659724
1520520883825660724
1520520883875662724
1520520883925664724
1520520883975650145
1520520884025652145
1520520884075654145
1520520884125655145
1520520884175656145
1520520884225658145
1520520884275659145
1520520884325661145
1520520884375655356
1520520884425652356
1520520884475653356
1520520884525655356
1520520884575753356
1520520884625658356
1520520884675660356
1520520884725661356
1520520884775672128
1520520884825673128
1520520884875675128
1520520884925677128
1520520884975678128
1520520885025680128
1520520885075681128
1520520885125683128
1520520885175686514
1520520885225667040
1520520885275669040
1520520885325670040
1520520885375672040
1520520885425673040
1520520885475675040
1520520885525677040
1520520885575678040
1520520885625678566
1520520885675679566
1520520885725681566
1520520885775683566
1520520885825684566
1520520885875687566
1520520885925687566
1520520885975689566
1520520886025678356
1520520886075680356
1520520886125681356
1520520886175763356
1520520886225684356
1520520886275686356
1520520886325687356
1520520886375689356
1520520886425661163
1520520886475663163
1520520886525665163
1520520886575666163
1520520886625668163
1520520886675669163
1520520886725671163
1520520886775672163
1520520886825667496
1520520886875668496
1520520886925670496
1520520886975672496
1520520887025673496
1520520887075675496
1520520887125677496
1520520887175678496
1520520887225671935
1520520887275672935
1520520887325674935
1520520887375676935
1520520887425677935
1520520887475678935
1520520887525680935
1520520887575682935
1520520887625683935
1520520887675688794
1520520887725690794
1520520887775755794
1520520887825693794
1520520887875695794
1520520887925696794
1520520887975698794
1520520888025699794
1520520888075708952
1520520888125709952
1520520888175711952
1520520888225713952
1520520888275714952
1520520888325716952
1520520888375717952
1520520888425719952
1520520888475724058
1520520888525725058
1520520888575727058
1520520888625728058
1520520888675730058
1520520888725732058
1520520888775733058
1520520888825735058
1520520888875735935
1520520888925736935
1520520888975738935
1520520889025739935
1520520889075741935
1520520889125742935
1520520889175744935
1520520889225745935
1520520889275736830
1520520889325738830
1520520889375787830
1520520889425741830
1520520889475743830
1520520889525744830
1520520889575746830
1520520889625747830
1520520889675731373
1520520889725733373
1520520889775734373
1520520889825736373
1520520889875737373
1520520889925739373
1520520889975740373
1520520890025742373
1520520890075743373
1520520890125722145
1520520890175724145
1520520890225725145
1520520890275727145
1520520890325729145
1520520890375730145
1520520890425732145
1520520890475733145
1520520890525713952
1520520890575714952
1520520890625716952
1520520890675718952
1520520890725721952
1520520890775721952
1520520890825722952
1520520890875723952
1520520890925705952
1520520890975738952
1520520891025708952
1520520891075710952
1520520891125711952
1520520891175713952
1520520891225714952
1520520891275716952
1520520891325726444
1520520891375728444
1520520891425730444
1520520891475731444
1520520891525733444
1520520891575734444
1520520891625736444
1520520891675738444
1520520891725722742
1520520891775724742
1520520891825725742
1520520891875727742
1520520891925729742
1520520891975731742
1520520892025731742
1520520892075734742
1520520892125737917
1520520892175738917
1520520892225740917
1520520892275741917
1520520892325746917
1520520892375745917
1520520892425746917
1520520892475747917
1520520892525749917
1520520892575782040
1520520892625766040
1520520892675768040
1520520892725769040
1520520892775771040
1520520892825772040
1520520892875774040
1520520892925776040
1520520892975764619
1520520893025766619
1520520893075767619
1520520893125769619
1520520893175770619
1520520893225772619
1520520893275774619
1520520893325775619
1520520893375802601
1520520893425803601
1520520893475805601
1520520893525807601
1520520893575808601
1520520893625810601
1520520893675812601
1520520893725813601
1520520893775829777
1520520893825830777
1520520893875831777
1520520893925833777
1520520893975834777
1520520894025836777
1520520894075838777
1520520894125839777
1520520894175852303
1520520894225853303
1520520894275855303
1520520894325856303
1520520894375858303
1520520894425859303
1520520894475861303
1520520894525863303
1520520894575864303
1520520894625880900
1520520894675881900
1520520894725883900
1520520894775884900
1520520894825886900
1520520894875888900
1520520894925889900
1520520894975891900
1520520895025872689
1520520895075874689
1520520895125876689
1520520895175877689
1520520895225879689
1520520895275880689
1520520895325882689
1520520895375884689
1520520895425887584
1520520895475888584
1520520895525890584
1520520895575891584
1520520895625893584
1520520895675895584
1520520895725896584
1520520895775898584
1520520895825910180
1520520895875912180
1520520895925913180
1520520895975915180
1520520896025916180
1520520896075918180
1520520896125920180
1520520896175921180
1520520896225940724
1520520896275941724
1520520896325943724
1520520896375944724
1520520896425946724
1520520896475947724
1520520896525949724
1520520896575951724
1520520896626008023
1520520896676010023
1520520896726012023
1520520896776013023
1520520896826015023
1520520896876017023
1520520896926017023
1520520896976020023
1520520897026021023
1520520897076052408
1520520897126054408
1520520897176055408
1520520897226057408
1520520897276058408
1520520897326060408
1520520897376062408
1520520897426063408
1520520897476150040
1520520897526151040
1520520897576153040
1520520897626154040
1520520897676156040
1520520897726157040
1520520897776159040
1520520897826161040
1520520897876330952
1520520897926332952
1520520897976333952
1520520898026335952
1520520898076336952
1520520898126338952
1520520898176340952
1520520898226341952
1520520898276967601
1520520898326968601
1520520898376970601
1520520898426972601
1520520898476974601
1520520898526975601
1520520898576977601
1520520898626978601
1520520898677342830
1520520898727344830
1520520898777346830
1520520898827352830
1520520898877349830
1520520898927350830
1520520898977352830
1520520899027353830
1520520899077355830
1520520899128120549
1520520899178122549
1520520899228123549
1520520899278125549
1520520899328127549
1520520899378128549
1520520899428130549
1520520899478131549
1520520899529961268
1520520899579962268
1520520899629964268
1520520899679965268
1520520899729967268
1520520899779969268
1520520899829970268
1520520899879972268
1520520899931918742
1520520899981920742
1520520900031922742
1520520900081924742
1520520900131925742
1520520900181927742
1520520900231928742
1520520900281929742
1520520900333964163
1520520900383966163
1520520900433967163
1520520900483968163
1520520900533970163
1520520900583972163
1520520900634065163
1520520900683975163
1520520900734948794
1520520900784950794
1520520900834951794
1520520900884953794
1520520900934954794
1520520900984956794
1520520901034958794
1520520901084959794
1520520901135396952
1520520901185397952
1520520901235399952
1520520901285400952
1520520901335402952
1520520901385404952
1520520901435405952
1520520901485407952
1520520901535408952
1520520901585410952
1520520901635412952
1520520901685413952
1520520901735415952
1520520901785417952
1520520901835418952
1520520901885419952
1520520901935423952
1520520901984690882
1520520902034695882
1520520902084694882
1520520902134695882
1520520902184697882
1520520902234777882
1520520902284700882
1520520902334701882
1520520902383048865
1520520902433049865
1520520902483051865
1520520902533052865
1520520902583054865
1520520902633056865
1520520902683057865
1520520902733059865
1520520902780696023
1520520902830698023
1520520902880699023
1520520902930701023
1520520902980703023
1520520903030704023
1520520903080706023
1520520903130708023
1520520903179010566
1520520903229012566
1520520903279013566
1520520903329015566
1520520903379016566
1520520903429018566
1520520903479019566
1520520903529021566
1520520903578490514
1520520903628491514
1520520903678493514
1520520903728494514
1520520903778496514
1520520903828560514
1520520903878499514
1520520903928500514
1520520903978502514
1520520904029397268
1520520904079399268
1520520904129400268
1520520904179402268
1520520904229404268
1520520904279405268
1520520904329407268
1520520904379408268
1520520904432951952
1520520904482952952
1520520904532954952
1520520904582956952
1520520904632957952
1520520904682959952
1520520904732960952
1520520904782962952
1520520904835512952
1520520904885513952
1520520904935514952
1520520904985517952
1520520905035518952
1520520905085519952
1520520905135521952
1520520905185523952
1520520905235524952
1520520905285526952
1520520905335527952
1520520905385529952
1520520905435579952
1520520905485532952
1520520905535533952
1520520905585535952
1520520905635536952
1520520905685538952
1520520905735539952
1520520905785541952
1520520905835543952
1520520905885544952
1520520905935546952
1520520905985547952
1520520906035549952
1520520906085550952
1520520906135552952
1520520906185554952
1520520906235555952
1520520906285557952
1520520906335558952
1520520906385561952
1520520906435562952
1520520906485564952
1520520906535565952
1520520906585567952
1520520906635568952
1520520906685569952
1520520906735571952
1520520906785573952
1520520906835574952
1520520906883739268
1520520906933740268
1520520906983742268
1520520907033775268
1520520907083745268
1520520907133746268
1520520907183748268
1520520907233749268
1520520907281741233
1520520907331742233
1520520907381744233
1520520907431746233
1520520907481747233
1520520907531749233
1520520907581750233
1520520907631752233
1520520907680124531
1520520907730126531
1520520907780128531
1520520907830129531
1520520907880131531
1520520907930132531
1520520907980134531
1520520908030136531
1520520908078876689
1520520908128878689
1520520908178879689
1520520908228881689
1520520908278882689
1520520908328884689
1520520908378888689
1520520908428887689
1520520908478889689
1520520908527919601
1520520908577921601
1520520908627937601
1520520908677924601
1520520908727925601
1520520908777927601
1520520908827928601
1520520908877930601
1520520908927491040
1520520908977493040
1520520909027495040
1520520909077496040
1520520909127498040
1520520909177499040
1520520909227501040
1520520909277502040
1520520909327132180
1520520909377134180
1520520909427135180
1520520909477137180
1520520909527138180
1520520909577140180
1520520909627142180
1520520909677143180
1520520909727379216
1520520909777380216
1520520909827382216
1520520909877384216
1520520909927385216
1520520909977387216
1520520910027388216
1520520910077389216
1520520910128081952
1520520910178083952
1520520910228085952
1520520910278086952
1520520910328087952
1520520910378089952
1520520910428090952
1520520910478092952
1520520910528094952
1520520910577580444
1520520910627582444
1520520910677583444
1520520910727585444
1520520910777586444
1520520910827588444
1520520910877589444
1520520910927591444
1520520910977024110
1520520911027025110
1520520911077027110
1520520911127029110
1520520911177030110
1520520911227032110
1520520911277033110
1520520911327035110
1520520911376729672
1520520911426730672
1520520911476731672
1520520911526733672
1520520911576735672
1520520911626736672
1520520911676738672
1520520911726739672
1520520911776614093
1520520911826615093
1520520911876617093
1520520911926618093
1520520911976620093
1520520912026621093
1520520912076623093
1520520912126625093
1520520912176843005
1520520912226845005
1520520912276846005
1520520912326848005
1520520912376849005
1520520912426851005
1520520912476853005
1520520912526854005
1520520912577787794
1520520912627788794
1520520912677790794
1520520912727791794
1520520912777793794
1520520912827795794
1520520912877796794
1520520912927798794
1520520912977800794
1520520913027765584
1520520913077767584
1520520913127768584
1520520913177770584
1520520913227771584
1520520913277773584
1520520913327774584
1520520913377776584
1520520913427056461
1520520913477058461
1520520913527059461
1520520913577061461
1520520913627062461
1520520913677064461
1520520913727065461
1520520913777067461
1520520913827020128
1520520913877021128
1520520913927023128
1520520913977024128
1520520914027026128
1520520914077027128
1520520914127029128
1520520914177031128
1520520914227495987
1520520914277497987
1520520914327499987
1520520914377500987
1520520914427502987
1520520914477503987
1520520914527505987
1520520914577506987
1520520914627270601
1520520914677271601
1520520914727273601
1520520914777275601
1520520914827276601
1520520914877278601
1520520914927279601
1520520914977281601
1520520915026777479
1520520915076868479
1520520915126780479
1520520915176782479
1520520915226784479
1520520915276785479
1520520915326787479
1520520915376788479
1520520915426790479
1520520915476867549
1520520915526869549
1520520915576870549
1520520915626872549
1520520915676873549
1520520915726875549
1520520915776877549
1520520915826878549
1520520915876982865
1520520915926983865
1520520915976985865
1520520916026987865
1520520916076989865
1520520916126990865
1520520916176991865
1520520916226993865
1520520916277273619
1520520916327274619
1520520916377276619
1520520916427277619
1520520916477281619
1520520916527280619
1520520916577282619
1520520916627283619
1520520916677274233
1520520916727208233
1520520916777210233
1520520916827212233
1520520916877213233
1520520916927214233
1520520916977216233
1520520917027218233
1520520917077178812
1520520917127180812
1520520917177181812
1520520917227183812
1520520917277185812
1520520917327186812
1520520917377188812
1520520917427189812
1520520917477191812
1520520917527257865
1520520917577259865
1520520917627261865
1520520917677263865
1520520917727264865
1520520917777266865
1520520917827267865
1520520917877268865
1520520917927676759
1520520917977674759
1520520918027675759
1520520918077676759
1520520918127678759
1520520918177680759
1520520918227681759
1520520918277729759
1520520918327494093
1520520918377496093
1520520918427497093
1520520918477499093
1520520918527501093
1520520918577502093
1520520918627504093
1520520918677505093
1520520918727853689
1520520918777854689
1520520918827856689
1520520918877858689
1520520918927859689
1520520918977861689
1520520919027862689
1520520919077864689
1520520919128957900
1520520919178959900
1520520919228961900
1520520919278962900
1520520919328964900
1520520919378965900
1520520919428968900
1520520919478969900
1520520919528511812
1520520919578512812
1520520919628514812
1520520919678516812
1520520919728518812
1520520919778519812
1520520919828520812
1520520919878543812
1520520919928523812
1520520919978269321
1520520920028270321
1520520920078272321
1520520920128274321
1520520920178275321
1520520920228277321
1520520920278278321
1520520920328280321
1520520920376929952
1520520920426931952
1520520920476932952
1520520920526934952
1520520920576936952
1520520920626937952
1520520920676939952
1520520920726940952
1520520920776954461
1520520920826956461
1520520920876957461
1520520920926958461
1520520920976960461
1520520921026962461
1520520921076963461
1520520921126965461
1520520921177199040
1520520921227200040
1520520921277201040
1520520921327203040
1520520921377205040
1520520921427206040
1520520921477208040
1520520921527209040
1520520921577411391
1520520921627412391
1520520921677414391
1520520921727416391
1520520921777417391
1520520921827419391
1520520921877420391
1520520921927422391
1520520921977401005
1520520922027481531
1520520922077482531
1520520922127484531
1520520922177486531
1520520922227487531
1520520922277489531
1520520922327490531
1520520922377492531
1520520922427491935
1520520922477492935
1520520922527494935
1520520922577495935
1520520922627498935
1520520922677498935
1520520922727500935
1520520922777501935
1520520922827346882
1520520922877348882
1520520922927349882
1520520922977351882
1520520923027352882
1520520923077358882
1520520923127355882
1520520923177357882
1520520923227548987
1520520923277550987
1520520923327552987
1520520923377553987
1520520923427555987
1520520923477556987
1520520923527558987
1520520923577559987
1520520923627696093
1520520923677697093
1520520923727699093
1520520923777701093
1520520923827702093
1520520923877704093
1520520923927705093
1520520923977707093
1520520924027108040
1520520924077109040
1520520924127111040
1520520924177112040
1520520924227114040
1520520924277116040
1520520924327117040
1520520924377118040
1520520924427120040
1520520924476955216
1520520924526962216
1520520924576959216
1520520924626960216
1520520924676962216
1520520924726963216
1520520924776965216
1520520924826966216
1520520924877302601
1520520924927304601
1520520924977305601
1520520925027307601
1520520925077308601
1520520925127310601
1520520925177311601
1520520925227313601
1520520925277954812
1520520925327956812
1520520925377958812
1520520925427959812
1520520925477961812
1520520925527962812
1520520925577964812
1520520925627966812
1520520925677684952
1520520925727685952
1520520925777687952
1520520925827689952
1520520925877690952
1520520925927692952
1520520925977692952
1520520926027694952
1520520926077097093
1520520926127098093
1520520926177100093
1520520926227103093
1520520926277103093
1520520926327188093
1520520926377106093
1520520926427107093
1520520926477202426
1520520926527203426
1520520926577205426
1520520926627207426
1520520926677208426
1520520926727210426
1520520926777211426
1520520926827213426
1520520926877214426
1520520926927654812
1520520926977656812
1520520927027657812
1520520927077659812
1520520927127660812
1520520927177662812
1520520927227663812
1520520927277665812
1520520927327523672
1520520927377525672
1520520927427526672
1520520927477527672
1520520927527529672
1520520927577530672
1520520927627532672
1520520927677533672
1520520927727220233
1520520927777222233
1520520927827223233
1520520927877225233
1520520927927283233
1520520927977228233
1520520928027229233
1520520928077231233
1520520928127319198
1520520928177320198
1520520928227322198
1520520928277323198
1520520928327325198
1520520928377326198
1520520928427328198
1520520928477329198
1520520928527275900
1520520928577277900
1520520928627278900
1520520928677280900
1520520928727281900
1520520928777283900
1520520928827284900
1520520928877287900
1520520928927265601
1520520928977267601
1520520929027268601
1520520929077270601
1520520929127271601
1520520929177272601
1520520929227274601
1520520929277279601
1520520929327278601
1520520929377277216
1520520929427278216
1520520929477280216
1520520929527309216
1520520929577283216
1520520929627284216
1520520929677286216
1520520929727288216
1520520929777244584
1520520929827246584
1520520929877247584
1520520929927249584
1520520929977250584
1520520930027252584
1520520930077253584
1520520930127255584
1520520930177605794
1520520930227606794
1520520930277608794
1520520930327609794
1520520930377611794
1520520930427613794
1520520930477614794
1520520930527616794
1520520930578758373
1520520930628759373
1520520930678760373
1520520930728762373
1520520930778763373
1520520930828765373
1520520930878767373
1520520930928768373
1520520930977285601
1520520931027286601
1520520931077288601
1520520931127292601
1520520931177291601
1520520931227292601
1520520931277294601
1520520931327296601
1520520931377297601
1520520931427259040
1520520931477260040
1520520931527262040
1520520931577263040
1520520931627265040
1520520931677266040
1520520931727268040
1520520931777270040
1520520931827855321
1520520931877857321
1520520931927858321
1520520931977860321
1520520932027861321
1520520932077863321
1520520932127865321
1520520932177866321
1520520932227950987
1520520932277952987
1520520932327953987
1520520932377955987
1520520932427956987
1520520932477957987
1520520932527959987
1520520932577961987
1520520932627234496
1520520932677236496
1520520932727238496
1520520932777239496
1520520932827240496
1520520932877242496
1520520932927244496
1520520932977245496
1520520933027359847
1520520933077360847
1520520933127362847
1520520933177363847
1520520933227365847
1520520933277367847
1520520933327368847
1520520933377370847
1520520933428539005
1520520933478541005
1520520933528542005
1520520933578544005
1520520933628545005
1520520933678547005
1520520933728549005
1520520933778550005
1520520933828553005
1520520933878005093
1520520933928006093
1520520933978007093
1520520934028009093
1520520934078010093
1520520934128012093
1520520934178014093
1520520934228015093
1520520934277953303
1520520934327954303
1520520934377956303
1520520934427957303
1520520934477959303
1520520934527961303
1520520934577962303
1520520934627964303
1520520934677551338
1520520934727553338
1520520934777554338
1520520934827556338
1520520934877557338
1520520934927559338
1520520934977561338
1520520935027562338
1520520935077612549
1520520935127613549
1520520935177615549
1520520935227616549
1520520935277619549
1520520935327620549
1520520935377622549
1520520935427623549
1520520935477543777
1520520935527545777
1520520935577546777
1520520935627548777
1520520935677550777
1520520935727551777
1520520935777553777
1520520935827554777
1520520935877662198
1520520935927662198
1520520935977745198
1520520936027665198
1520520936077667198
1520520936127668198
1520520936177670198
1520520936227672198
1520520936277673198
1520520936327581093
1520520936377582093
1520520936427584093
1520520936477585093
1520520936527587093
1520520936577589093
1520520936627590093
1520520936677592093
1520520936727617444
1520520936777619444
1520520936827620444
1520520936877622444
1520520936927624444
1520520936977625444
1520520937027627444
1520520937077629444
1520520937127724830
1520520937177725830
1520520937227727830
1520520937277728830
1520520937327730830
1520520937377732830
1520520937427733830
1520520937477735830
1520520937527833128
1520520937577892128
1520520937627835128
1520520937677837128
1520520937727839128
1520520937777840128
1520520937827842128
1520520937877843128
1520520937927740356
1520520937977741356
1520520938027743356
1520520938077744356
1520520938127746356
1520520938177748356
1520520938227749356
1520520938277751356
1520520938327752356
1520520938377640040
1520520938427641040
1520520938477643040
1520520938527645040
1520520938577646040
1520520938627648040
1520520938677649040
1520520938727651040
1520520938777685952
1520520938827686952
1520520938877688952
1520520938927689952
1520520938977691952
1520520939027693952
1520520939077694952
1520520939127696952
1520520939177758847
1520520939227724847
1520520939277726847
1520520939327728847
1520520939377729847
1520520939427731847
1520520939477732847
1520520939527734847
1520520939577710865
1520520939627712865
1520520939677713865
1520520939727715865
1520520939777717865
1520520939827718865
1520520939877720865
1520520939927722865
1520520939977703794
1520520940027704794
1520520940077706794
1520520940127708794
1520520940177709794
1520520940227711794
1520520940277713794
1520520940327714794
1520520940377717637
1520520940427718637
1520520940477720637
1520520940527721637
1520520940577723637
1520520940627724637
1520520940677726637
1520520940727728637
1520520940777740637
1520520940827746637
1520520940877748637
1520520940927750637
1520520940977751637
1520520941027753637
1520520941077754637
1520520941127756637
1520520941177757637
1520520941227802654
1520520941277803654
1520520941327805654
1520520941377807654
1520520941427808654
1520520941477810654
1520520941527811654
1520520941577813654
1520520941627843496
1520520941677845496
1520520941727846496
1520520941777848496
1520520941827850496
1520520941877851496
1520520941927853496
1520520941977855496
1520520942027857759
1520520942077859759
1520520942127860759
1520520942177862759
1520520942227863759
1520520942277865759
1520520942327867759
1520520942377868759
1520520942427839794
1520520942477841794
1520520942527843794
1520520942577844794
1520520942627846794
1520520942677847794
1520520942727849794
1520520942777850794
1520520942827852794
1520520942877877023
1520520942927879023
1520520942977881023
1520520943027882023
1520520943077884023
1520520943127885023
1520520943177887023
1520520943227888023
1520520943277804549
1520520943327806549
1520520943377808549
1520520943427809549
1520520943477811549
1520520943527812549
1520520943577814549
1520520943627816549
1520520943677755233
1520520943727756233
1520520943777758233
1520520943827759233
1520520943877761233
1520520943927762233
1520520943977765233
1520520944027765233
1520520944077797619
1520520944127799619
1520520944177800619
1520520944227802619
1520520944277803619
1520520944327805619
1520520944377806619
1520520944427808619
1520520944477876216
1520520944527878216
1520520944577880216
1520520944627881216
1520520944677883216
1520520944727885216
1520520944777886216
1520520944827887216
1520520944877858058
1520520944927860058
1520520944977862058
1520520945027863058
1520520945077865058
1520520945127867058
1520520945177868058
1520520945227869058
1520520945277871058
1520520945327858584
1520520945377860584
1520520945427864584
1520520945477863584
1520520945527865584
1520520945577866584
1520520945627963584
1520520945677869584
1520520945727868777
1520520945777869777
1520520945827871777
1520520945877872777
1520520945927874777
1520520945977875777
1520520946027877777
1520520946077878777
1520520946127879794
1520520946177881794
