1520530731400018325
1520530731450020325
1520530731500021325
1520530731550009922
1520530731600010922
1520530731650011922
1520530731700013922
1520530731750015922
1520530731800016922
1520530731850101922
1520530731900019922
1520530731950036027
1520530732000037027
1520530732050039027
1520530732100040027
1520530732150042027
1520530732200044027
1520530732250045027
1520530732300047027
1520530732350048027
1520530732400058378
1520530732450059378
1520530732500061378
1520530732550063378
1520530732600064378
1520530732650066378
1520530732700067378
1520530732750069378
1520530732800092992
1520530732850093992
1520530732900095992
1520530732950096992
1520530733000098992
1520530733050099992
1520530733100101992
1520530733150103992
1520530733200103799
1520530733250105799
1520530733300106799
1520530733350112799
1520530733400109799
1520530733450195799
1520530733500112799
1520530733550114799
1520530733600102536
1520530733650104536
1520530733700105536
1520530733750107536
1520530733800109536
1520530733850110536
1520530733900112536
1520530733950113536
1520530734000144799
1520530734050145799
1520530734100147799
1520530734150148799
1520530734200150799
1520530734250152799
1520530734300153799
1520530734350155799
1520530734400153167
1520530734450154167
1520530734500156167
1520530734550158167
1520530734600159167
1520530734650161167
1520530734700162167
1520530734750163167
1520530734800165167
1520530734850171518
1520530734900172518
1520530734950177518
1520530735000175518
1520530735050265518
1520530735100178518
1520530735150180518
1520530735200181518
1520530735250203097
1520530735300204097
1520530735350206097
1520530735400208097
1520530735450209097
1520530735500211097
1520530735550212097
1520530735600214097
1520530735650176290
1520530735700178290
1520530735750179290
1520530735800181290
1520530735850183290
1520530735900184290
1520530735950186290
1520530736000188290
1520530736050192045
1520530736100193045
1520530736150194045
1520530736200196045
1520530736250198045
1520530736300199045
1520530736350200045
1520530736400202045
1520530736450247764
1520530736500248764
1520530736550254764
1520530736600251764
1520530736650343764
1520530736700254764
1520530736750256764
1520530736800257764
1520530736850259764
1520530736900250167
1520530736950252167
1520530737000254167
1520530737050255167
1520530737100257167
1520530737150258167
1520530737200260167
1520530737250261167
1520530737300258817
1520530737350260817
1520530737400261817
1520530737450263817
1520530737500264817
1520530737550266817
1520530737600268817
1520530737650269817
1520530737700183185
1520530737750184185
1520530737800186185
1520530737850187185
1520530737900189185
1520530737950191185
1520530738000192185
1520530738050194185
1520530738100307676
1520530738150314676
1520530738200310676
1520530738250403676
1520530738300313676
1520530738350315676
1520530738400316676
1520530738450318676
1520530738500566992
1520530738550567992
1520530738600569992
1520530738650570992
1520530738700572992
1520530738750573992
1520530738800575992
1520530738850576992
1520530738900221518
1520530738950223518
1520530739000224518
1520530739050226518
1520530739100227518
1520530739150229518
1520530739200231518
1520530739250232518
1520530739300234518
1520530739350118606
1520530739400120606
1520530739450122606
1520530739500123606
1520530739550125606
1520530739600126606
1520530739650128606
1520530739700129606
1520530739750311027
1520530739800313027
1520530739850406027
1520530739900316027
1520530739950318027
1520530740000319027
1520530740050321027
1520530740100322027
1520530740150481220
1520530740200483220
1520530740250484220
1520530740300486220
1520530740350487220
1520530740400489220
1520530740450490220
1520530740500492220
1520530740550278062
1520530740600280062
1520530740650282062
1520530740700283062
1520530740750285062
1520530740800287062
1520530740850288062
1520530740900290062
1520530740950431641
1520530741000432641
1520530741050434641
1520530741100435641
1520530741150437641
1520530741200438641
1520530741250440641
1520530741300441641
1520530741350637115
1520530741400638115
1520530741450728115
1520530741500641115
1520530741550643115
1520530741600644115
1520530741650646115
1520530741700647115
1520530741750649115
1520530741800464167
1520530741850465167
1520530741900467167
1520530741950468167
1520530742000470167
1520530742050471167
1520530742100473167
1520530742150475167
1520530742200338132
1520530742250340132
1520530742300341132
1520530742350343132
1520530742400345132
1520530742450346132
1520530742500348132
1520530742550350132
1520530742600603834
1520530742650604834
1520530742700606834
1520530742750608834
1520530742800609834
1520530742850611834
1520530742900612834
1520530742950614834
1520530743000436676
1520530743050522676
1520530743100439676
1520530743150441676
1520530743200442676
1520530743250444676
1520530743300445676
1520530743350447676
1520530743400276834
1520530743450277834
1520530743500279834
1520530743550280834
1520530743600282834
1520530743650283834
1520530743700285834
1520530743750287834
1520530743800288834
1520530743851239817
1520530743901240817
1520530743951242817
1520530744001243817
1520530744051246817
1520530744101247817
1520530744151248817
1520530744201250817
1520530744251205027
1520530744301206027
1520530744351208027
1520530744401209027
1520530744451210027
1520530744501212027
1520530744551214027
1520530744601215027
1520530744651044238
1520530744700966238
1520530744750968238
1520530744800969238
1520530744850971238
1520530744900972238
1520530744950974238
1520530745000976238
1520530745051078150
1520530745101080150
1520530745151081150
1520530745201083150
1520530745251084150
1520530745301086150
1520530745351088150
1520530745401089150
1520530745451043010
1520530745501044010
1520530745551046010
1520530745601048010
1520530745651049010
1520530745701051010
1520530745751053010
1520530745801054010
1520530745850826097
1520530745900828097
1520530745950830097
1520530746000831097
1520530746050833097
1520530746100834097
1520530746150839097
1520530746200837097
1520530746250910097
1520530746300487185
1520530746350489185
1520530746400490185
1520530746450492185
1520530746500493185
1520530746550495185
1520530746600497185
1520530746650498185
1520530746700510290
1520530746750511290
1520530746800513290
1520530746850514290
1520530746900516290
1520530746950518290
1520530747000519290
1520530747050521290
1520530747100689238
1520530747150691238
1520530747200693238
1520530747250695238
1520530747300696238
1520530747350697238
1520530747400699238
1520530747450701238
1520530747501333466
1520530747551335466
1520530747601336466
1520530747651339466
1520530747701339466
1520530747751341466
1520530747801342466
1520530747851408466
1520530747901266518
1520530747951268518
1520530748001269518
1520530748051271518
1520530748101272518
1520530748151274518
1520530748201276518
1520530748251277518
1520530748300789413
1520530748350790413
1520530748400792413
1520530748450793413
1520530748500795413
1520530748550797413
1520530748600798413
1520530748650800413
1520530748700801413
1520530748750570922
1520530748800571922
1520530748850573922
1520530748900575922
1520530748950576922
1520530749000578922
1520530749050580922
1520530749100584922
1520530749150922588
1520530749200923588
1520530749250924588
1520530749300926588
1520530749350927588
1520530749400929588
1520530749450988588
1520530749500932588
1520530749551299290
1520530749601300290
1520530749651302290
1520530749701303290
1520530749751305290
1520530749801307290
1520530749851308290
1520530749901310290
1520530749950998799
1520530750001000799
1520530750051001799
1520530750101003799
1520530750151004799
1520530750201006799
1520530750251008799
1520530750301009799
1520530750350639097
1520530750400641097
1520530750450642097
1520530750500644097
1520530750550645097
1520530750600647097
1520530750650648097
1520530750700654097
1520530750750652097
1520530750800614992
1520530750850616992
1520530750900617992
1520530750950618992
1520530751000620992
1520530751050668992
1520530751100623992
1520530751150625992
1520530751201259974
1520530751251261974
1520530751301262974
1520530751351264974
1520530751401266974
1520530751451267974
1520530751501269974
1520530751551270974
1520530751601708202
1520530751651709202
1520530751701711202
1520530751751712202
1520530751801714202
1520530751851716202
1520530751901717202
1520530751951719202
1520530752001096150
1520530752051097150
1520530752101099150
1520530752151101150
1520530752201102150
1520530752251103150
1520530752301105150
1520530752351107150
1520530752401229413
1520530752451231413
1520530752501233413
1520530752551233413
1520530752601235413
1520530752651273413
1520530752701238413
1520530752751240413
1520530752801898466
1520530752851900466
1520530752901901466
1520530752951903466
1520530753001905466
1520530753051906466
1520530753101908466
1520530753151909466
1520530753201911466
1520530753251553588
1520530753301555588
1520530753351556588
1520530753401558588
1520530753451560588
1520530753501561588
1520530753551563588
1520530753601565588
1520530753651035431
1520530753701037431
1520530753751039431
1520530753801040431
1520530753851041431
1520530753901043431
1520530753951045431
1520530754001046431
1520530754051765185
1520530754101767185
1520530754151768185
1520530754201770185
1520530754251797185
1520530754301773185
1520530754351775185
1520530754401776185
1520530754451720360
1520530754501721360
1520530754551723360
1520530754601725360
1520530754651726360
1520530754701728360
1520530754751729360
1520530754801731360
1520530754851698746
1520530754901700746
1520530754951701746
1520530755001703746
1520530755051705746
1520530755101706746
1520530755151708746
1520530755201710746
1520530755251591343
1520530755301592343
1520530755351593343
1520530755401595343
1520530755451596343
1520530755501598343
1520530755551599343
1520530755601601343
1520530755651602343
1520530755701246518
1520530755751247518
1520530755801249518
1520530755851266518
1520530755901252518
1520530755951254518
1520530756001255518
1520530756051257518
1520530756101239150
1520530756151241150
1520530756201243150
1520530756251244150
1520530756301246150
1520530756351247150
1520530756401249150
1520530756451250150
1520530756501374817
1520530756551376817
1520530756601377817
1520530756651379817
1520530756701380817
1520530756751382817
1520530756801383817
1520530756851385817
1520530756901524097
1520530756951526097
1520530757001527097
1520530757051529097
1520530757101530097
1520530757151531097
1520530757201533097
1520530757251534097
1520530757301300308
1520530757351301308
1520530757401303308
1520530757451311308
1520530757501306308
1520530757551308308
1520530757601309308
1520530757651311308
1520530757701312308
1520530757751027360
1520530757801029360
1520530757851030360
1520530757901032360
1520530757951033360
1520530758001035360
1520530758051036360
1520530758101038360
1520530758151144413
1520530758201146413
1520530758251148413
1520530758301149413
1520530758351151413
1520530758401153413
1520530758451154413
1520530758501156413
1520530758551586676
1520530758601588676
1520530758651589676
1520530758701591676
1520530758751592676
1520530758801594676
1520530758851596676
1520530758901597676
1520530758951488238
1520530759001489238
1520530759051491238
1520530759101492238
1520530759151494238
1520530759201495238
1520530759251497238
1520530759301498238
1520530759351664378
1520530759401666378
1520530759451667378
1520530759501669378
1520530759551670378
1520530759601672378
1520530759651673378
1520530759701675378
1520530759751602273
1520530759801604273
1520530759851606273
1520530759901607273
1520530759951609273
1520530760001610273
1520530760051612273
1520530760101613273
1520530760151616273
1520530760201535167
1520530760251537167
1520530760301538167
1520530760351539167
1520530760401541167
1520530760451543167
1520530760501544167
1520530760551546167
1520530760601489483
1520530760651491483
1520530760701492483
1520530760751494483
1520530760801495483
1520530760851497483
1520530760901498483
1520530760951500483
1520530761001376869
1520530761051377869
1520530761101379869
1520530761151380869
1520530761201382869
1520530761251383869
1520530761301385869
1520530761351386869
1520530761401249571
1520530761451251571
1520530761501252571
1520530761551254571
1520530761601256571
1520530761651258571
1520530761701259571
1520530761751261571
1520530761801129448
1520530761851130448
1520530761901133448
1520530761951133448
1520530762001135448
1520530762051136448
1520530762101138448
1520530762151140448
1520530762201313799
1520530762251318799
1520530762301316799
1520530762351318799
1520530762401319799
1520530762451321799
1520530762501322799
1520530762551324799
1520530762601326799
1520530762651530957
1520530762701532957
1520530762751533957
1520530762801535957
1520530762851536957
1520530762901538957
1520530762951539957
1520530763001541957
1520530763051559045
1520530763101560045
1520530763151562045
1520530763201564045
1520530763251565045
1520530763301567045
1520530763351568045
1520530763401570045
1520530763451561448
1520530763501562448
1520530763551564448
1520530763601565448
1520530763651566448
1520530763701569448
1520530763751570448
1520530763801571448
1520530763851452325
1520530763901453325
1520530763951455325
1520530764001456325
1520530764051458325
1520530764101459325
1520530764151461325
1520530764201463325
1520530764251481238
1520530764301483238
1520530764351484238
1520530764401486238
1520530764451487238
1520530764501489238
1520530764551490238
1520530764601492238
1520530764651494238
1520530764701715378
1520530764751717378
1520530764801719378
1520530764851720378
1520530764901721378
1520530764951724378
1520530765001725378
1520530765051727378
1520530765101763255
1520530765151765255
1520530765201766255
1520530765251767255
1520530765301771255
1520530765351771255
1520530765401772255
1520530765451774255
1520530765501667536
1520530765551565536
1520530765601566536
1520530765651568536
1520530765701569536
1520530765751571536
1520530765801573536
1520530765851574536
1520530765901345518
1520530765951346518
1520530766001348518
1520530766051349518
1520530766101351518
1520530766151352518
1520530766201354518
1520530766251356518
1520530766301371483
1520530766351373483
1520530766401375483
1520530766451376483
1520530766501378483
1520530766551379483
1520530766601381483
1520530766651382483
1520530766701833957
1520530766751835957
1520530766801836957
1520530766851838957
1520530766901840957
1520530766951841957
1520530767001842957
1520530767051844957
1520530767101937957
1520530767151878413
1520530767201879413
1520530767251881413
1520530767301882413
1520530767351884413
1520530767401886413
1520530767451887413
1520530767501889413
1520530767551857220
1520530767601859220
1520530767651860220
1520530767701862220
1520530767751863220
1520530767801865220
1520530767851867220
1520530767901869220
1520530767951935553
1520530768001936553
1520530768051939553
1520530768101940553
1520530768151941553
1520530768201943553
1520530768251944553
1520530768301946553
1520530768351885746
1520530768401886746
1520530768451888746
1520530768501889746
1520530768551891746
1520530768601892746
1520530768651894746
1520530768701976746
1520530768751810588
1520530768801811588
1520530768851813588
1520530768901814588
1520530768951816588
1520530769001818588
1520530769051819588
1520530769101821588
1520530769151822588
1520530769201870273
1520530769251871273
1520530769301873273
1520530769351875273
1520530769401876273
1520530769451878273
1520530769501879273
1520530769551881273
1520530769601849641
1520530769651851641
1520530769701853641
1520530769751854641
1520530769801856641
1520530769851858641
1520530769901859641
1520530769951861641
1520530770001660606
1520530770051661606
1520530770101663606
1520530770151665606
1520530770201667606
1520530770251668606
1520530770301736606
1520530770351671606
1520530770401531904
1520530770451533904
1520530770501534904
1520530770551536904
1520530770601538904
1520530770651539904
1520530770701541904
1520530770751542904
1520530770801611501
1520530770851612501
1520530770901614501
1520530770951616501
1520530771001617501
1520530771051619501
1520530771101620501
1520530771151622501
1520530771201895711
1520530771251897711
1520530771301899711
1520530771351901711
1520530771401902711
1520530771451904711
1520530771501905711
1520530771551911711
1520530771601908711
1520530771651878132
1520530771701880132
1520530771751882132
1520530771801883132
1520530771851885132
1520530771901942132
1520530771951888132
1520530772001889132
1520530772051866781
1520530772101867781
1520530772151869781
1520530772201871781
1520530772251872781
1520530772301874781
1520530772351875781
1520530772401877781
1520530772451787273
1520530772501789273
1520530772551790273
1520530772601792273
1520530772651794273
1520530772701795273
1520530772751797273
1520530772801798273
1520530772851710308
1520530772901712308
1520530772951713308
1520530773001715308
1520530773051716308
1520530773101718308
1520530773151720308
1520530773201721308
1520530773251870325
1520530773301871325
1520530773351878325
1520530773401874325
1520530773451876325
1520530773501919325
1520530773551879325
1520530773601880325
1520530773651882325
1520530773701948378
1520530773751950378
1520530773801952378
1520530773851953378
1520530773901955378
1520530773951956378
1520530774001958378
1520530774051959378
1520530774101984466
1520530774151986466
1520530774201987466
1520530774251989466
1520530774301991466
1520530774351992466
1520530774401993466
1520530774451995466
1520530774501792062
1520530774551794062
1520530774601795062
1520530774651797062
1520530774701798062
1520530774751800062
1520530774801801062
1520530774851803062
1520530774901629887
1520530774951631887
1520530775001632887
1520530775051634887
1520530775101663887
1520530775151637887
1520530775201638887
1520530775251640887
1520530775301808080
1520530775351809080
1520530775401811080
1520530775451812080
1520530775501814080
1520530775551815080
1520530775601817080
1520530775651818080
1520530775702431869
1520530775752433869
1520530775802434869
1520530775852436869
1520530775902437869
1520530775952439869
1520530776002440869
1520530776052442869
1520530776102444869
1520530776152283431
1520530776202284431
1520530776252286431
1520530776302287431
1520530776352289431
1520530776402290431
1520530776452292431
1520530776502293431
1520530776552302448
1520530776602303448
1520530776652305448
1520530776702321448
1520530776752308448
1520530776802310448
1520530776852311448
1520530776902312448
1520530776952342167
1520530777002344167
1520530777052345167
1520530777102347167
1520530777152348167
1520530777202350167
1520530777252351167
1520530777302353167
1520530777352223167
1520530777402224167
1520530777452226167
1520530777502227167
1520530777552229167
1520530777602230167
1520530777652232167
1520530777702234167
1520530777752132150
1520530777802134150
1520530777852136150
1520530777902137150
1520530777952138150
1520530778002140150
1520530778052142150
1520530778102143150
1520530778152195536
1520530778202196536
1520530778252198536
1520530778302200536
1520530778352201536
1520530778402202536
1520530778452204536
1520530778502205536
1520530778552207536
1520530778602252202
1520530778652253202
1520530778702255202
1520530778752256202
1520530778802258202
1520530778852259202
1520530778902261202
1520530778952263202
1520530779002046518
1520530779052048518
1520530779102049518
1520530779152051518
1520530779202052518
1520530779252054518
1520530779302056518
1520530779352058518
1520530779401859659
1520530779451860659
1520530779501862659
1520530779551863659
1520530779601868659
1520530779651867659
1520530779701868659
1520530779751869659
1520530779802151238
1520530779852153238
1520530779902155238
1520530779952156238
1520530780002157238
1520530780052159238
1520530780102160238
1520530780152162238
1520530780202292659
1520530780252293659
1520530780302295659
1520530780352296659
1520530780402298659
1520530780452299659
1520530780502301659
1520530780552302659
1520530780602304659
1520530780652139571
1520530780702140571
1520530780752142571
1520530780802143571
1520530780852145571
1520530780902147571
1520530780952149571
1520530781002150571
1520530781052164483
1520530781102166483
1520530781152168483
1520530781202169483
1520530781252170483
1520530781302172483
1520530781352173483
1520530781402175483
1520530781452058606
1520530781502059606
1520530781552061606
1520530781602062606
1520530781652064606
1520530781702065606
1520530781752067606
1520530781802069606
1520530781852036781
1520530781902038781
1520530781952039781
1520530782002041781
1520530782052042781
1520530782102044781
1520530782152045781
1520530782202047781
1520530782252168588
1520530782302169588
1520530782352171588
1520530782402172588
1520530782452174588
1520530782502176588
1520530782552178588
1520530782602179588
1520530782652289238
1520530782702290238
1520530782752292238
1520530782802293238
1520530782852294238
1520530782902296238
1520530782952298238
1520530783002299238
1520530783052301238
1520530783102149817
1520530783152151817
1520530783202152817
1520530783252154817
1520530783302155817
1520530783352157817
1520530783402159817
1520530783452160817
1520530783501915659
1520530783551916659
1520530783601918659
1520530783651919659
1520530783701921659
1520530783751923659
1520530783801924659
1520530783851926659
1520530783901875448
1520530783951877448
1520530784001878448
1520530784051880448
1520530784101882448
1520530784151883448
1520530784201885448
1520530784251886448
1520530784302434202
1520530784352436202
1520530784402437202
1520530784452439202
1520530784502440202
1520530784552441202
1520530784602443202
1520530784652445202
1520530784702521711
1520530784752617711
1520530784802524711
1520530784852526711
1520530784902527711
1520530784952529711
1520530785002531711
1520530785052532711
1520530785102534711
1520530785152404834
1520530785202406834
1520530785252407834
1520530785302409834
1520530785352410834
1520530785402412834
1520530785452414834
1520530785502415834
1520530785552469413
1520530785602470413
1520530785652472413
1520530785702474413
1520530785752476413
1520530785802477413
1520530785852478413
1520530785902480413
1520530785952437781
1520530786002438781
1520530786052440781
1520530786102442781
1520530786152446781
1520530786202444781
1520530786252446781
1520530786302447781
1520530786352428536
1520530786402352536
1520530786452354536
1520530786502355536
1520530786552357536
1520530786602359536
1520530786652360536
1520530786702362536
1520530786752382413
1520530786802384413
1520530786852385413
1520530786902387413
1520530786952388413
1520530787002390413
1520530787052392413
1520530787102393413
1520530787152462852
1520530787202464852
1520530787252465852
1520530787302467852
1520530787352468852
1520530787402470852
1520530787452471852
1520530787502474852
1520530787552475852
1520530787602204571
1520530787652206571
1520530787702207571
1520530787752209571
1520530787802210571
1520530787852212571
1520530787902213571
1520530787952274571
1520530788002069904
1520530788052071904
1520530788102072904
1520530788152074904
1520530788202076904
1520530788252077904
1520530788302079904
1520530788352080904
1520530788402166553
1520530788452167553
1520530788502169553
1520530788552171553
1520530788602172553
1520530788652174553
1520530788702175553
1520530788752177553
1520530788802199045
1520530788852201045
1520530788902203045
1520530788952205045
1520530789002206045
1520530789052208045
1520530789102209045
1520530789152211045
1520530789202288045
1520530789252290045
1520530789302291045
1520530789352293045
1520530789402294045
1520530789452296045
1520530789502297045
1520530789552340045
1520530789602353799
1520530789652355799
1520530789702356799
1520530789752358799
1520530789802360799
1520530789852361799
1520530789902363799
1520530789952364799
1520530790002366799
1520530790052260080
1520530790102262080
1520530790152263080
1520530790202265080
1520530790252267080
1520530790302268080
1520530790352270080
1520530790402272080
1520530790452260518
1520530790502262518
1520530790552263518
1520530790602265518
1520530790652266518
1520530790702268518
1520530790752270518
1520530790802271518
1520530790852422641
1520530790902427641
1520530790952425641
1520530791002427641
1520530791052428641
1520530791102429641
1520530791152455641
1520530791202432641
1520530791252573027
1520530791302574027
1520530791352576027
1520530791402578027
1520530791452579027
1520530791502581027
1520530791552582027
1520530791602584027
1520530791652470711
1520530791702472711
1520530791752473711
1520530791802475711
1520530791852477711
1520530791902478711
1520530791952480711
1520530792002482711
1520530792052518518
1520530792102171115
1520530792152172115
1520530792202174115
1520530792252176115
1520530792302177115
1520530792352179115
1520530792402180115
1520530792452182115
1520530792502040395
1520530792552041395
1520530792602042395
1520530792652044395
1520530792702045395
1520530792752052395
1520530792802048395
1520530792852050395
1520530792902247957
1520530792952249957
1520530793002251957
1520530793052252957
1520530793102254957
1520530793152255957
1520530793202257957
1520530793252258957
1520530793302666641
1520530793352667641
1520530793402669641
1520530793452671641
1520530793502672641
1520530793552674641
1520530793602675641
1520530793652677641
1520530793702588817
1520530793752591817
1520530793802592817
1520530793852594817
1520530793902595817
1520530793952597817
1520530794002599817
1520530794052604817
1520530794102647501
1520530794152649501
1520530794202650501
1520530794252652501
1520530794302653501
1520530794352655501
1520530794402656501
1520530794452658501
1520530794502659501
1520530794552675887
1520530794602677887
1520530794652678887
1520530794702680887
1520530794752681887
1520530794802683887
1520530794852684887
1520530794902686887
1520530794952672167
1520530795002674167
1520530795052676167
1520530795102677167
1520530795152679167
1520530795202680167
1520530795252682167
1520530795302684167
1520530795352701799
1520530795402703799
1520530795452705799
1520530795502706799
1520530795552708799
1520530795602709799
1520530795652710799
1520530795702712799
1520530795752690501
1520530795802692501
1520530795852694501
1520530795902695501
1520530795952699501
1520530796002698501
1520530796052700501
1520530796102701501
1520530796152534378
1520530796202536378
1520530796252537378
1520530796302539378
1520530796352540378
1520530796402542378
1520530796452543378
1520530796502545378
1520530796552486097
1520530796602488097
1520530796652490097
1520530796702491097
1520530796752493097
1520530796802494097
1520530796852496097
1520530796902498097
1520530796952499097
1520530797002631624
1520530797052633624
1520530797102634624
1520530797152636624
1520530797202637624
1520530797252638624
1520530797302641624
1520530797352642624
1520530797402759922
1520530797452760922
1520530797502761922
1520530797552763922
1520530797602865922
1520530797652766922
1520530797702767922
1520530797752769922
1520530797802643220
1520530797852644220
1520530797902646220
1520530797952647220
1520530798002649220
1520530798052650220
1520530798102652220
1520530798152653220
1520530798202504694
1520530798252506694
1520530798302507694
1520530798352509694
1520530798402510694
1520530798452512694
1520530798502513694
1520530798552515694
1520530798602414676
1520530798652416676
1520530798702417676
1520530798752419676
1520530798802420676
1520530798852422676
1520530798902424676
1520530798952425676
1520530799002338273
1520530799052339273
1520530799102340273
1520530799152342273
1520530799202422273
1520530799252345273
1520530799302346273
1520530799352348273
1520530799402350273
1520530799452410431
1520530799502412431
1520530799552413431
1520530799602415431
1520530799652416431
1520530799702418431
1520530799752419431
1520530799802421431
1520530799852662238
1520530799902663238
1520530799952665238
1520530800002666238
1520530800052668238
1520530800102669238
1520530800152671238
1520530800202673238
1520530800252766115
1520530800302767115
1520530800352769115
1520530800402770115
1520530800452771115
1520530800502774115
1520530800552775115
1520530800602776115
1520530800652460431
1520530800702461431
1520530800752463431
1520530800802521431
1520530800852466431
1520530800902468431
1520530800952469431
1520530801002471431
1520530801052102676
1520530801102104676
1520530801152105676
1520530801202107676
1520530801252108676
1520530801302110676
1520530801352112676
1520530801402113676
1520530801452115676
1520530801502018781
1520530801552020781
1520530801602021781
1520530801652023781
1520530801702024781
1520530801752027781
1520530801802028781
1520530801852030781
1520530801902304501
1520530801952305501
1520530802002306501
1520530802052308501
1520530802102309501
1520530802152311501
1520530802202313501
1520530802252314501
1520530802302571501
1520530802352573501
1520530802402609501
1520530802452576501
1520530802502577501
1520530802552579501
1520530802602581501
1520530802652582501
1520530802702605132
1520530802752606132
1520530802802608132
1520530802852609132
1520530802902611132
1520530802952613132
1520530803002614132
1520530803052616132
1520530803102764150
1520530803152766150
1520530803202767150
1520530803252769150
1520530803302770150
1520530803352772150
1520530803402774150
1520530803452775150
1520530803502920097
1520530803552922097
1520530803602923097
1520530803652925097
1520530803702926097
1520530803752928097
1520530803802930097
1520530803852931097
1520530803902932097
1520530803952781255
1520530804002792255
1520530804052784255
1520530804102786255
1520530804152787255
1520530804202789255
1520530804252790255
1520530804302792255
1520530804352735781
1520530804402737781
1520530804452738781
1520530804502740781
1520530804552741781
1520530804602743781
1520530804652745781
1520530804702746781
1520530804752780290
1520530804802782290
1520530804852783290
1520530804902784290
1520530804952786290
1520530805002788290
1520530805052790290
1520530805102791290
1520530805152562466
1520530805202564466
1520530805252565466
1520530805302567466
1520530805352569466
1520530805402570466
1520530805452572466
1520530805502573466
1520530805552534624
1520530805602536624
1520530805652537624
1520530805702538624
1520530805752540624
1520530805802542624
1520530805852543624
1520530805902545624
1520530805952546624
1520530806002724273
1520530806052725273
1520530806102727273
1520530806152729273
1520530806202730273
1520530806252732273
1520530806302733273
1520530806352735273
1520530806402897466
1520530806452899466
1520530806502901466
1520530806552903466
1520530806602904466
1520530806652906466
1520530806702908466
1520530806752908466
1520530806803025764
1520530806853026764
1520530806903029764
1520530806953030764
1520530807003031764
1520530807053033764
1520530807103034764
1520530807153036764
1520530807202843027
1520530807252841027
1520530807302842027
1520530807352844027
1520530807402846027
1520530807452847027
1520530807502849027
1520530807552850027
1520530807602721641
1520530807652722641
1520530807702724641
1520530807752725641
1520530807802727641
1520530807852729641
1520530807902730641
1520530807952732641
1520530808002812448
1520530808052814448
1520530808102815448
1520530808152818448
1520530808202819448
1520530808252820448
1520530808302822448
1520530808352824448
1520530808402826448
1520530808452991097
1520530808502992097
1520530808552994097
1520530808602995097
1520530808652999097
1520530808702999097
1520530808753000097
1520530808803002097
1520530808852989343
1520530808902898343
1520530808952900343
1520530809002902343
1520530809052903343
1520530809102905343
1520530809152906343
1520530809202908343
1520530809252622536
1520530809302624536
1520530809352626536
1520530809402627536
1520530809452629536
1520530809502630536
1520530809552632536
1520530809602633536
1520530809652633781
1520530809702635781
1520530809752636781
1520530809802638781
1520530809852640781
1520530809902641781
1520530809952643781
1520530810002644781
1520530810053197588
1520530810103198588
1520530810153200588
1520530810203201588
1520530810253206588
1520530810303205588
1520530810353206588
1520530810403207588
1520530810453339220
1520530810503276220
1520530810553277220
1520530810603279220
1520530810653280220
1520530810703282220
1520530810753283220
1520530810803285220
1520530810853286220
1520530810903261694
1520530810953263694
1520530811003264694
1520530811053266694
1520530811103267694
1520530811153269694
1520530811203270694
1520530811253272694
1520530811303123378
1520530811353125378
1520530811403127378
1520530811453129378
1520530811503130378
1520530811553132378
1520530811603134378
1520530811653135378
1520530811703139115
1520530811753141115
1520530811803142115
1520530811853144115
1520530811903148115
1520530811953147115
1520530812003149115
1520530812053188115
1520530812103106132
1520530812153108132
1520530812203110132
1520530812253111132
1520530812303113132
1520530812353114132
1520530812403116132
1520530812453117132
1520530812503178150
1520530812553179150
1520530812603181150
1520530812653183150
1520530812703184150
1520530812753186150
1520530812803188150
1520530812853189150
1520530812903190150
1520530812953081343
1520530813003083343
1520530813053084343
1520530813103086343
1520530813153088343
1520530813203089343
1520530813253091343
1520530813303093343
1520530813352868588
1520530813402869588
1520530813452871588
1520530813502872588
1520530813552874588
1520530813602876588
1520530813652886588
1520530813702878588
1520530813752878343
1520530813802880343
1520530813852881343
1520530813902883343
1520530813952884343
1520530814002886343
1520530814052887343
1520530814102889343
1520530814153383115
1520530814203385115
1520530814253387115
1520530814303388115
1520530814353390115
1520530814403392115
1520530814453393115
1520530814503394115
1520530814553365378
1520530814603367378
1520530814653369378
1520530814703370378
1520530814753371378
1520530814803373378
1520530814853375378
1520530814903376378
1520530814953189238
1520530815003187238
1520530815053189238
1520530815103190238
1520530815153192238
1520530815203193238
1520530815253195238
1520530815303196238
1520530815353198238
1520530815403064588
1520530815453065588
1520530815503067588
1520530815553068588
1520530815603070588
1520530815653071588
1520530815703073588
1520530815753074588
1520530815803066132
1520530815853068132
1520530815903069132
1520530815953071132
1520530816003072132
1520530816053074132
1520530816103075132
1520530816153077132
1520530816203195202
1520530816253196202
1520530816303198202
1520530816353200202
1520530816403201202
1520530816453202202
1520530816503205202
1520530816553205202
1520530816603259834
1520530816653261834
1520530816703267834
1520530816753264834
1520530816803265834
1520530816853267834
1520530816903269834
1520530816953270834
1520530817002976553
1520530817052977553
1520530817102979553
1520530817152980553
1520530817202982553
1520530817252983553
1520530817302985553
1520530817352986553
1520530817402988553
1520530817452914694
1520530817502915694
1520530817552917694
1520530817602919694
1520530817652920694
1520530817702921694
1520530817752923694
1520530817802925694
1520530817853491553
1520530817903492553
1520530817953494553
1520530818003496553
1520530818053497553
1520530818103499553
1520530818153500553
1520530818203501553
1520530818253752887
1520530818303755887
1520530818353755887
1520530818403757887
1520530818453758887
1520530818503833887
1520530818553761887
1520530818603763887
1520530818653602290
1520530818703604290
1520530818753605290
1520530818803607290
1520530818853608290
1520530818903610290
1520530818953611290
1520530819003613290
1520530819053454659
1520530819103455659
1520530819153457659
1520530819203458659
1520530819253460659
1520530819303462659
1520530819353463659
1520530819403465659
1520530819453362466
1520530819503363466
1520530819553365466
1520530819603366466
1520530819653368466
1520530819703369466
1520530819753374466
1520530819803372466
1520530819853374466
1520530819903324799
1520530819953331799
1520530820003327799
1520530820053329799
1520530820103371799
1520530820153332799
1520530820203334799
1520530820253335799
1520530820303466571
1520530820353467571
1520530820403469571
1520530820453470571
1520530820503472571
1520530820553473571
1520530820603475571
1520530820653477571
1520530820703376817
1520530820753378817
1520530820803379817
1520530820853381817
1520530820903382817
1520530820953384817
1520530821003386817
1520530821053388817
1520530821103218887
1520530821153219887
1520530821203220887
1520530821253222887
1520530821303223887
1520530821353225887
1520530821403227887
1520530821453228887
1520530821503483220
1520530821553485220
1520530821603487220
1520530821653488220
1520530821703495220
1520530821753491220
1520530821803493220
1520530821853494220
1520530821903496220
1520530821953847606
1520530822003849606
1520530822053850606
1520530822103852606
1520530822153853606
1520530822203855606
1520530822253857606
1520530822303858606
1520530822353642641
1520530822403643641
1520530822453645641
1520530822503646641
1520530822553648641
1520530822603650641
1520530822653652641
1520530822703653641
1520530822753499974
1520530822803501974
1520530822853503974
1520530822903504974
1520530822953506974
1520530823003507974
1520530823053509974
1520530823103510974
1520530823153322238
1520530823203323238
1520530823253325238
1520530823303327238
1520530823353328238
1520530823403330238
1520530823453331238
1520530823503333238
1520530823553307641
1520530823603309641
1520530823653310641
1520530823703312641
1520530823753313641
1520530823803315641
1520530823853317641
1520530823903318641
1520530823953421062
1520530824003422062
1520530824053424062
1520530824103426062
1520530824153427062
1520530824203429062
1520530824253430062
1520530824303432062
1520530824353433062
1520530824403522992
1520530824453524992
1520530824503526992
1520530824553527992
1520530824603528992
1520530824653530992
1520530824703531992
1520530824753535992
1520530824803378097
1520530824853379097
1520530824903381097
1520530824953473097
1520530825003384097
1520530825053385097
1520530825103387097
1520530825153388097
1520530825203182167
1520530825253183167
1520530825303185167
1520530825353186167
1520530825403188167
1520530825453190167
1520530825503191167
1520530825553193167
1520530825603213045
1520530825653215045
1520530825703216045
1520530825753218045
1520530825803220045
1520530825853221045
1520530825903223045
1520530825953225045
1520530826003935395
1520530826053935395
1520530826103938395
1520530826153939395
1520530826203940395
1520530826253942395
1520530826303944395
1520530826353945395
1520530826404023185
1520530826454024185
1520530826504025185
1520530826554083185
1520530826604029185
1520530826654030185
1520530826704032185
1520530826754033185
1520530826804035185
1520530826853658922
1520530826903660922
1520530826953661922
1520530827003663922
1520530827053665922
1520530827103666922
1520530827153668922
1520530827203669922
1520530827253637115
1520530827303638115
1520530827353640115
1520530827403642115
1520530827453643115
1520530827503645115
1520530827553647115
1520530827603648115
1520530827653593132
1520530827703595132
1520530827753596132
1520530827803598132
1520530827853599132
1520530827903600132
1520530827953602132
1520530828003604132
1520530828053572992
1520530828103573992
1520530828153592992
1520530828203577992
1520530828253578992
1520530828303580992
1520530828353581992
1520530828403583992
1520530828453457904
1520530828503459904
1520530828553460904
1520530828603462904
1520530828653464904
1520530828703465904
1520530828753467904
1520530828803468904
1520530828853470904
1520530828903293325
1520530828953294325
1520530829003296325
1520530829053297325
1520530829103299325
1520530829153301325
1520530829203302325
1520530829253304325
1520530829303629045
1520530829353631045
1520530829403632045
1520530829453637045
1520530829503635045
1520530829553637045
1520530829603639045
1520530829653640045
1520530829704049606
1520530829754051606
1520530829804053606
1520530829854054606
1520530829904056606
1520530829954057606
1520530830004059606
1520530830054060606
1520530830103815308
1520530830153816308
1520530830203818308
1520530830253820308
1520530830303821308
1520530830353823308
1520530830403824308
1520530830453826308
1520530830503615799
1520530830553617799
1520530830603619799
1520530830653620799
1520530830703622799
1520530830753624799
1520530830803626799
1520530830853627799
1520530830903462413
1520530830953464413
1520530831003466413
1520530831053467413
1520530831103468413
1520530831153470413
1520530831203472413
1520530831253473413
1520530831303475413
1520530831353524062
1520530831403624062
1520530831453527062
1520530831503529062
1520530831553530062
1520530831603532062
1520530831653533062
1520530831703535062
1520530831753732624
1520530831803734624
1520530831853736624
1520530831903737624
1520530831953739624
1520530832003740624
1520530832053742624
1520530832103743624
1520530832153733273
1520530832203735273
1520530832253736273
1520530832303738273
1520530832353740273
1520530832403741273
1520530832453743273
1520530832503744273
1520530832553491536
1520530832603493536
1520530832653494536
1520530832703496536
1520530832753497536
1520530832803498536
1520530832853500536
1520530832903501536
1520530832953346483
1520530833003408483
1520530833053349483
1520530833103351483
1520530833153352483
1520530833203354483
1520530833253355483
1520530833303357483
1520530833353605518
1520530833403606518
1520530833453608518
1520530833503609518
1520530833553611518
1520530833603613518
1520530833653614518
1520530833703615518
1520530833753617518
1520530833804356150
1520530833854357150
1520530833904359150
1520530833954361150
1520530834004362150
1520530834054364150
1520530834104366150
1520530834154367150
1520530834204151746
1520530834254152746
1520530834304154746
1520530834354155746
1520530834404156746
1520530834454158746
1520530834504159746
1520530834554161746
1520530834603904395
1520530834653884395
1520530834703886395
1520530834753887395
1520530834803889395
1520530834853890395
1520530834903892395
1520530834953893395
1520530835003848238
1520530835053850238
1520530835103851238
1520530835153853238
1520530835203854238
1520530835253856238
1520530835303858238
1520530835353859238
1520530835403751483
1520530835453752483
1520530835503754483
1520530835553756483
1520530835603757483
1520530835653759483
1520530835703760483
1520530835753762483
1520530835803792062
1520530835853783448
1520530835903788448
1520530835953786448
1520530836003787448
1520530836053789448
1520530836103791448
1520530836153792448
1520530836203794448
1520530836253842676
1520530836303844676
1520530836353845676
1520530836403847676
1520530836453848676
1520530836503850676
1520530836553852676
1520530836603853676
1520530836653644027
1520530836703645027
1520530836753647027
1520530836803648027
1520530836853650027
1520530836903651027
1520530836953653027
1520530837003655027
1520530837053571255
1520530837103573255
1520530837153575255
1520530837203576255
1520530837253578255
1520530837303579255
1520530837353581255
1520530837403583255
1520530837453924045
1520530837503925045
1520530837553927045
1520530837603929045
1520530837653930045
1520530837703931045
1520530837753933045
1520530837803935045
1520530837854232325
1520530837904138325
1520530837954139325
1520530838004141325
1520530838054142325
1520530838104144325
1520530838154145325
1520530838204147325
1520530838254149325
1520530838304105202
1520530838354107202
1520530838404108202
1520530838454110202
1520530838504111202
1520530838554113202
1520530838604115202
1520530838654116202
1520530838703937360
1520530838753938360
1520530838803940360
1520530838853942360
1520530838903944360
1520530838953945360
1520530839003947360
1520530839053948360
1520530839103765290
1520530839153767290
1520530839203769290
1520530839253770290
1520530839303771290
1520530839353773290
1520530839403775290
1520530839453829290
1520530839503782010
1520530839553783010
1520530839603785010
1520530839653786010
1520530839703788010
1520530839753790010
1520530839803791010
1520530839853793010
1520530839903963413
1520530839953965413
1520530840003966413
1520530840053968413
1520530840103969413
1520530840153971413
1520530840203973413
1520530840253974413
1520530840304034167
1520530840354035167
1520530840404038167
1520530840454039167
1520530840504041167
1520530840554042167
1520530840604043167
1520530840654045167
1520530840704046167
1520530840753756799
1520530840803757799
1520530840853759799
1520530840903761799
1520530840953762799
1520530841003764799
1520530841053775799
1520530841103767799
1520530841153441290
1520530841203443290
1520530841253444290
1520530841303446290
1520530841353448290
1520530841403449290
1520530841453451290
1520530841503452290
1520530841553540606
1520530841603541606
1520530841653543606
1520530841703545606
1520530841753546606
1520530841803548606
1520530841853549606
1520530841903551606
1520530841953865939
1520530842003867939
1520530842053869939
1520530842103870939
1520530842153872939
1520530842203873939
1520530842253875939
1520530842303877939
1520530842353804202
1520530842403806202
1520530842453807202
1520530842503809202
1520530842553810202
1520530842603812202
1520530842653813202
1520530842703815202
1520530842753816202
1520530842803919395
1520530842853920395
1520530842903922395
1520530842953924395
1520530843003925395
1520530843053927395
1520530843103928395
1520530843153930395
1520530843203974694
1520530843253976694
1520530843303977694
1520530843353979694
1520530843403981694
1520530843453982694
1520530843503984694
1520530843553985694
1520530843603940466
1520530843653942466
1520530843703944466
1520530843753945466
1520530843803946466
1520530843853949466
1520530843903950466
1520530843953951466
1520530844003965308
1520530844053963308
1520530844103965308
1520530844153966308
1520530844203968308
1520530844253969308
1520530844304044308
1520530844353972308
1520530844403861887
1520530844453862887
1520530844503864887
1520530844553865887
1520530844603867887
1520530844653869887
1520530844703870887
1520530844753872887
1520530844804014799
1520530844854016799
1520530844904017799
1520530844954019799
1520530845004021799
1520530845054022799
1520530845104024799
1520530845154025799
1520530845204027799
1520530845254548746
1520530845304550746
1520530845354551746
1520530845404552746
1520530845454554746
1520530845504555746
1520530845554557746
1520530845604559746
1520530845654413887
1520530845704414887
1520530845754415887
1520530845804417887
1520530845854418887
1520530845904448887
1520530845954421887
1520530846004423887
1520530846054295834
1520530846104297834
1520530846154298834
1520530846204300834
1520530846254302834
1520530846304303834
1520530846354305834
1520530846404306834
1520530846454087781
1520530846504088781
1520530846554090781
1520530846604092781
1520530846654093781
1520530846704095781
1520530846754096781
1520530846804098781
1520530846853992571
1520530846903994571
1520530846953995571
1520530847003997571
1520530847053999571
1520530847104000571
1520530847154001571
1520530847204005571
1520530847254088501
1520530847304090501
1520530847354091501
1520530847404093501
1520530847454094501
1520530847504096501
1520530847554097501
1520530847604099501
1520530847654100501
1520530847704269659
1520530847754270659
1520530847804272659
1520530847854274659
1520530847904275659
1520530847954277659
1520530848004278659
1520530848054280659
1520530848104164536
1520530848154166536
1520530848204168536
1520530848254169536
1520530848304171536
1520530848354172536
1520530848404174536
1520530848454176536
1520530848503816202
1520530848553818202
1520530848603819202
1520530848653821202
1520530848703822202
1520530848753824202
1520530848803826202
1520530848853827202
1520530848903765553
1520530848953767553
1520530849003768553
1520530849053775553
1520530849103771553
1520530849153861553
1520530849203774553
1520530849253775553
1520530849304012360
1520530849354014360
1520530849404015360
1520530849454017360
1520530849504018360
1520530849554020360
1520530849604021360
1520530849654023360
1520530849704024360
1520530849754075132
1520530849804077132
1520530849854078132
1520530849904080132
1520530849954081132
1520530850004083132
1520530850054084132
1520530850104087132
1520530850154247080
1520530850204248080
1520530850254250080
1520530850304252080
1520530850354254080
1520530850404256080
1520530850454256080
1520530850504258080
1520530850554294939
1520530850604296939
1520530850654297939
1520530850704299939
1520530850754339939
1520530850804302939
1520530850854303939
1520530850904305939
1520530850954236974
1520530851004238974
1520530851054240974
1520530851104241974
1520530851154243974
1520530851204244974
1520530851254246974
1520530851304247974
1520530851354319869
1520530851404321869
1520530851454322869
1520530851504324869
1520530851554325869
1520530851604327869
1520530851654328869
1520530851704330869
1520530851754292238
1520530851804294238
1520530851854296238
1520530851904297238
1520530851954298238
1520530852004300238
1520530852054301238
1520530852104303238
1520530852154304238
1520530852204151080
1520530852254152080
1520530852304154080
1520530852354155080
1520530852404157080
1520530852454158080
1520530852504160080
1520530852554161080
1520530852604380062
1520530852654382062
1520530852704383062
1520530852754385062
1520530852804386062
1520530852854388062
1520530852904389062
1520530852954391062
1520530853004533343
1520530853054534343
1520530853104536343
1520530853154537343
1520530853204539343
1520530853254540343
1520530853304543343
1520530853354544343
1520530853404341922
1520530853454342922
1520530853504344922
1520530853554345922
1520530853604347922
1520530853654348922
1520530853704349922
1520530853754352922
1520530853804126132
1520530853854123132
1520530853904125132
1520530853954126132
1520530854004222132
1520530854054129132
1520530854104131132
1520530854154132132
1520530854204134132
1520530854254028343
1520530854304029343
1520530854354031343
1520530854404032343
1520530854454034343
1520530854504035343
1520530854554037343
1520530854604039343
1520530854654197957
1520530854704199957
1520530854754200957
1520530854804202957
1520530854854204957
1520530854904205957
1520530854954207957
1520530855004209957
1520530855054454395
1520530855104456395
1520530855154457395
1520530855204459395
1520530855254460395
1520530855304462395
1520530855354463395
1520530855404465395
1520530855454261694
1520530855504263694
1520530855554264694
1520530855604308694
1520530855654267694
1520530855704269694
1520530855754270694
1520530855804272694
1520530855853945781
1520530855903946781
1520530855953948781
1520530856003949781
1520530856053951781
1520530856103952781
1520530856153954781
1520530856203956781
1520530856253995887
1520530856303997887
1520530856353999887
1520530856404000887
1520530856454001887
1520530856504003887
1520530856554005887
1520530856604006887
1520530856654008887
1520530856704352904
1520530856754354904
1520530856804356904
1520530856854357904
1520530856904358904
1520530856954360904
1520530857004362904
1520530857054363904
1520530857104498676
1520530857154500676
1520530857204501676
1520530857254502676
1520530857304504676
1520530857354506676
1520530857404507676
1520530857454509676
1520530857504649132
1520530857554651132
1520530857604652132
1520530857654654132
1520530857704655132
1520530857754657132
1520530857804659132
1520530857854660132
1520530857904691957
1520530857954693957
1520530858004694957
1520530858054695957
1520530858104697957
1520530858154699957
1520530858204701957
1520530858254702957
1520530858304575887
1520530858354577887
1520530858404578887
1520530858454580887
1520530858504582887
1520530858554583887
1520530858604585887
1520530858654591887
1520530858704606781
1520530858754607781
1520530858804609781
1520530858854706781
1520530858904612781
1520530858954613781
1520530859004615781
1520530859054617781
1520530859104618781
1520530859154594887
1520530859204595887
1520530859254597887
1520530859304598887
1520530859354600887
1520530859404602887
1520530859454603887
1520530859504605887
1520530859554533062
1520530859604535062
1520530859654536062
1520530859704538062
1520530859754539062
1520530859804542062
1520530859854543062
1520530859904544062
1520530859954867606
1520530860004869606
1520530860054871606
1520530860104873606
1520530860154873606
1520530860204875606
1520530860254876606
1520530860304878606
1520530860355013641
1520530860405015641
1520530860455060641
1520530860505018641
1520530860555019641
1520530860605021641
1520530860655023641
1520530860705024641
1520530860754849869
1520530860804850869
1520530860854852869
1520530860904853869
1520530860954855869
1520530861004857869
1520530861054858869
1520530861104860869
1520530861154861869
1520530861204705904
1520530861254707904
1520530861304708904
1520530861354709904
1520530861404711904
1520530861454713904
1520530861504714904
1520530861554716904
1520530861604568027
1520530861654569027
1520530861704571027
1520530861754572027
1520530861804574027
1520530861854575027
1520530861904577027
1520530861954578027
1520530862004641150
1520530862054642150
1520530862104644150
1520530862154645150
1520530862204647150
1520530862254649150
1520530862304650150
1520530862354652150
1520530862404806624
1520530862454808624
1520530862504809624
1520530862554811624
1520530862604813624
1520530862654814624
1520530862704816624
1520530862754817624
1520530862804625799
1520530862854626799
1520530862904628799
1520530862954629799
1520530863004631799
1520530863054633799
1520530863104634799
1520530863154636799
1520530863204078729
1520530863254079729
1520530863304081729
1520530863354083729
1520530863404084729
1520530863454085729
1520530863504087729
1520530863554088729
1520530863604090729
1520530863653908922
1520530863704003922
1520530863753911922
1520530863803913922
1520530863853915922
1520530863903916922
1520530863953918922
1520530864003919922
1520530864054670974
1520530864104672974
1520530864154673974
1520530864204675974
1520530864254676974
1520530864304678974
1520530864354679974
1520530864404681974
1520530864455241641
1520530864505243641
1520530864555244641
1520530864605246641
1520530864655248641
1520530864705250641
1520530864755251641
1520530864805252641
1520530864854247483
1520530864904249483
1520530864954250483
1520530865004252483
1520530865054254483
1520530865104255483
1520530865154261483
1520530865204258483
1520530865253918922
1520530865303958922
1520530865353922922
1520530865403923922
1520530865453925922
1520530865503926922
1520530865553928922
1520530865603929922
1520530865653931922
1520530865704600641
1520530865754602641
1520530865804604641
1520530865854605641
1520530865904607641
1520530865954608641
1520530866004610641
1520530866054612641
1520530866105678202
1520530866155680202
1520530866205681202
1520530866255683202
1520530866305685202
1520530866355687202
1520530866405688202
1520530866455689202
1520530866504818360
1520530866554819360
1520530866604821360
1520530866654822360
1520530866704824360
1520530866754826360
1520530866804827360
1520530866854828360
1520530866903951202
1520530866953953202
1520530867003954202
1520530867053956202
1520530867103957202
1520530867153959202
1520530867203960202
1520530867253962202
1520530867304045238
1520530867354047238
1520530867404049238
1520530867454050238
1520530867504052238
1520530867554054238
1520530867604055238
1520530867654056238
1520530867705262167
1520530867755264167
1520530867805265167
1520530867855267167
1520530867905269167
1520530867955270167
1520530868005272167
1520530868055273167
1520530868105275167
1520530868154267624
1520530868204268624
1520530868254269624
1520530868304271624
1520530868354272624
1520530868404274624
1520530868454276624
1520530868504277624
1520530868554019764
1520530868603940764
1520530868653942764
1520530868703943764
1520530868753945764
1520530868803946764
1520530868853948764
1520530868903949764
1520530868954710080
1520530869004712080
1520530869054713080
1520530869104715080
1520530869154716080
1520530869204718080
1520530869254719080
1520530869304721080
1520530869355246238
1520530869405247238
1520530869455249238
1520530869505250238
1520530869555252238
1520530869605253238
1520530869655255238
1520530869705257238
1520530869754108624
1520530869804110624
1520530869854111624
1520530869904113624
1520530869954115624
1520530870004116624
1520530870054117624
1520530870104119624
1520530870153995711
1520530870203977711
1520530870253979711
1520530870303980711
1520530870353982711
1520530870403983711
1520530870453985711
1520530870503986711
1520530870553988711
1520530870604328606
1520530870654329606
1520530870704331606
1520530870754332606
1520530870804334606
1520530870854335606
1520530870904337606
1520530870954338606
1520530871005245167
1520530871055247167
1520530871105249167
1520530871155250167
1520530871205252167
1520530871255253167
1520530871305255167
1520530871355257167
1520530871404156764
1520530871454157764
1520530871504159764
1520530871554161764
1520530871604162764
1520530871654163764
1520530871704165764
1520530871754167764
1520530871804374588
1520530871854376588
1520530871904377588
1520530871954379588
1520530872004380588
1520530872054382588
1520530872104383588
1520530872154385588
1520530872204461202
1520530872254462202
1520530872304464202
1520530872354465202
1520530872404467202
1520530872454468202
1520530872504470202
1520530872554471202
1520530872604473202
1520530872654146080
1520530872704148080
1520530872754149080
1520530872804151080
1520530872854152080
1520530872904153080
1520530872954156080
1520530873004157080
1520530873054336045
1520530873104338045
1520530873154339045
1520530873204341045
1520530873254342045
1520530873304344045
1520530873354346045
1520530873404404045
1520530873454876343
1520530873504877343
1520530873554879343
1520530873604880343
1520530873654882343
1520530873704883343
1520530873754885343
1520530873804887343
1520530873854907220
1520530873904909220
1520530873954910220
1520530874004912220
1520530874054913220
1520530874104915220
1520530874154917220
1520530874204918220
1520530874254431378
1520530874304432378
1520530874354434378
1520530874404436378
1520530874454437378
1520530874504439378
1520530874554441378
1520530874604442378
1520530874654208781
1520530874704210781
1520530874754211781
1520530874804213781
1520530874854215781
1520530874904216781
1520530874954218781
1520530875004219781
1520530875054221781
1520530875104334641
1520530875154336641
1520530875204337641
1520530875254339641
1520530875304340641
1520530875354342641
1520530875404344641
1520530875454345641
