1520621175986840704
1520621176036842704
1520621176086893757
1520621176136830757
1520621176186832757
1520621176236833757
1520621176286835757
1520621176336836757
1520621176386838757
1520621176436839757
1520621176486860985
1520621176536862985
1520621176586863985
1520621176636865985
1520621176686866985
1520621176736868985
1520621176786869985
1520621176836871985
1520621176886877143
1520621176936878143
1520621176986880143
1520621177036882143
1520621177086883143
1520621177136885143
1520621177186887143
1520621177236888143
1520621177286936669
1520621177336937669
1520621177386938669
1520621177436940669
1520621177486941669
1520621177536943669
1520621177586948669
1520621177636946669
1520621177686960002
1520621177736959002
1520621177786961002
1520621177836962002
1520621177886964002
1520621177936965002
1520621177986967002
1520621178036969002
1520621178086983055
1520621178136985055
1520621178186986055
1520621178236988055
1520621178286989055
1520621178336991055
1520621178386992055
1520621178436994055
1520621178486996055
1520621178536998459
1520621178587000459
1520621178637001459
1520621178687003459
1520621178737005459
1520621178787006459
1520621178837007459
1520621178887009459
1520621178937018757
1520621178987021757
1520621179037021757
1520621179087022757
1520621179137024757
1520621179187026757
1520621179237027757
1520621179287029757
1520621179337083634
1520621179387059634
1520621179437060634
1520621179487062634
1520621179537063634
1520621179587065634
1520621179637066634
1520621179687068634
1520621179737066985
1520621179787067985
1520621179837069985
1520621179887070985
1520621179937072985
1520621179987073985
1520621180037075985
1520621180087077985
1520621180136997160
1520621180186999160
1520621180237000160
1520621180287002160
1520621180337004160
1520621180387005160
1520621180437007160
1520621180487008160
1520621180536947844
1520621180586949844
1520621180636950844
1520621180686952844
1520621180736953844
1520621180786957844
1520621180836956844
1520621180886958844
1520621180936959844
1520621180986957897
1520621181036875897
1520621181086877897
1520621181136878897
1520621181186880897
1520621181236881897
1520621181286883897
1520621181336885897
1520621181387021353
1520621181437023353
1520621181487024353
1520621181537026353
1520621181587027353
1520621181637029353
1520621181687031353
1520621181737032353
1520621181787099546
1520621181837101546
1520621181887102546
1520621181937104546
1520621181987105546
1520621182037106546
1520621182087109546
1520621182137110546
1520621182187082371
1520621182237083371
1520621182287085371
1520621182337086371
1520621182387087371
1520621182437089371
1520621182487091371
1520621182537092371
1520621182587069599
1520621182637070599
1520621182687072599
1520621182737073599
1520621182787075599
1520621182837076599
1520621182887078599
1520621182937080599
1520621182987081599
1520621183037202055
1520621183087203055
1520621183137205055
1520621183187206055
1520621183237208055
1520621183287210055
1520621183337211055
1520621183387213055
1520621183437263459
1520621183487265459
1520621183537267459
1520621183587268459
1520621183637270459
1520621183687271459
1520621183737273459
1520621183787274459
1520621183837821581
1520621183887823581
1520621183937824581
1520621183987825581
1520621184037827581
1520621184087829581
1520621184137830581
1520621184187832581
1520621184238219248
1520621184288178248
1520621184338179248
1520621184388181248
1520621184438182248
1520621184488184248
1520621184538186248
1520621184588187248
1520621184638125599
1520621184688126599
1520621184738128599
1520621184788129599
1520621184838131599
1520621184888133599
1520621184938134599
1520621184988136599
1520621185037559002
1520621185087561002
1520621185137562002
1520621185187564002
1520621185237566002
1520621185287568002
1520621185337569002
1520621185387571002
1520621185437573002
1520621185487186704
1520621185537187704
1520621185587188704
1520621185637190704
1520621185687195704
1520621185737193704
1520621185787195704
1520621185837197704
1520621185887492002
1520621185937395002
1520621185987397002
1520621186037398002
1520621186087400002
1520621186137402002
1520621186187403002
1520621186237405002
1520621186287542634
1520621186337544634
1520621186387545634
1520621186437547634
1520621186487549634
1520621186537550634
1520621186587552634
1520621186637553634
1520621186687118932
1520621186737119932
1520621186787121932
1520621186837123932
1520621186887125932
1520621186937126932
1520621186987127932
1520621187037129932
1520621187087210108
1520621187137211108
1520621187187213108
1520621187237214108
1520621187287216108
1520621187337217108
1520621187387219108
1520621187437220108
1520621187487906108
1520621187537907108
1520621187587909108
1520621187637911108
1520621187687912108
1520621187737914108
1520621187787915108
1520621187837917108
1520621187887918108
1520621187938206283
1520621187988207283
1520621188038209283
1520621188088211283
1520621188138212283
1520621188188214283
1520621188238215283
1520621188288217283
1520621188337701581
1520621188387703581
1520621188437705581
1520621188487706581
1520621188537708581
1520621188587710581
1520621188637711581
1520621188687713581
1520621188737129108
1520621188787131108
1520621188837133108
1520621188887134108
1520621188937136108
1520621188987137108
1520621189037139108
1520621189087140108
1520621189137263353
1520621189187213353
1520621189237214353
1520621189287216353
1520621189337218353
1520621189387219353
1520621189437221353
1520621189487222353
1520621189537683230
1520621189587684230
1520621189637686230
1520621189687688230
1520621189737689230
1520621189787691230
1520621189837692230
1520621189887694230
1520621189937695230
1520621189987427546
1520621190037428546
1520621190087431546
1520621190137433546
1520621190187433546
1520621190237435546
1520621190287437546
1520621190337438546
1520621190387228266
1520621190437230266
1520621190487231266
1520621190537232266
1520621190587234266
1520621190637236266
1520621190687237266
1520621190737238266
1520621190787284266
1520621190837285266
1520621190887287266
1520621190937289266
1520621190987290266
1520621191037292266
1520621191087293266
1520621191137295266
1520621191188118230
1520621191238120230
1520621191288122230
1520621191338123230
1520621191388125230
1520621191438126230
1520621191488128230
1520621191538129230
1520621191587633967
1520621191637634967
1520621191687636967
1520621191737638967
1520621191787640967
1520621191837642967
1520621191887643967
1520621191937644967
1520621191987161774
1520621192037162774
1520621192087164774
1520621192137168774
1520621192187167774
1520621192237169774
1520621192287170774
1520621192337172774
1520621192387178774
1520621192437299844
1520621192487300844
1520621192537302844
1520621192587303844
1520621192637305844
1520621192687306844
1520621192737308844
1520621192787309844
1520621192837384827
1520621192887386827
1520621192937387827
1520621192987389827
1520621193037390827
1520621193087392827
1520621193137393827
1520621193187395827
1520621193237235353
1520621193287237353
1520621193337239353
1520621193387241353
1520621193437242353
1520621193487244353
1520621193537245353
1520621193587246353
1520621193637360423
1520621193687362423
1520621193737363423
1520621193787365423
1520621193837368423
1520621193887368423
1520621193937370423
1520621193987371423
1520621194037374862
1520621194087317862
1520621194137319862
1520621194187320862
1520621194237322862
1520621194287323862
1520621194337325862
1520621194387326862
1520621194437328862
1520621194487551002
1520621194537552002
1520621194587554002
1520621194637555002
1520621194687557002
1520621194737558002
1520621194787560002
1520621194837561002
1520621194887323002
1520621194937325002
1520621194987327002
1520621195037328002
1520621195087329002
1520621195137331002
1520621195187333002
1520621195237334002
1520621195287258669
1520621195337259669
1520621195387261669
1520621195437262669
1520621195487264669
1520621195537266669
1520621195587267669
1520621195637268669
1520621195687228844
1520621195737230844
1520621195787231844
1520621195837233844
1520621195887234844
1520621195937236844
1520621195987237844
1520621196037239844
1520621196087937213
1520621196137938213
1520621196187940213
1520621196237941213
1520621196287943213
1520621196337944213
1520621196387946213
1520621196437947213
1520621196487668020
1520621196537670020
1520621196587671020
1520621196637673020
1520621196687675020
1520621196737676020
1520621196787678020
1520621196837679020
1520621196887681020
1520621196937261037
1520621196987263037
1520621197037264037
1520621197087266037
1520621197137268037
1520621197187269037
1520621197237270037
1520621197287283037
1520621197337572353
1520621197387573353
1520621197437575353
1520621197487576353
1520621197537578353
1520621197587579353
1520621197637581353
1520621197687583353
1520621197738079932
1520621197788081932
1520621197838082932
1520621197888084932
1520621197938085932
1520621197988087932
1520621198038088932
1520621198088090932
1520621198137299950
1520621198187300950
1520621198237302950
1520621198287304950
1520621198337305950
1520621198387307950
1520621198437308950
1520621198487310950
1520621198537610213
1520621198587611213
1520621198637613213
1520621198687614213
1520621198737619213
1520621198787617213
1520621198837619213
1520621198887620213
1520621198938076108
1520621198988013108
1520621199038015108
1520621199088016108
1520621199138018108
1520621199188019108
1520621199238021108
1520621199288023108
1520621199338024108
1520621199387363371
1520621199437364371
1520621199487366371
1520621199537367371
1520621199587369371
1520621199637370371
1520621199687372371
1520621199737374371
1520621199787779230
1520621199837781230
1520621199887783230
1520621199937784230
1520621199987786230
1520621200037788230
1520621200087789230
1520621200137790230
1520621200187697844
1520621200237698844
1520621200287700844
1520621200337702844
1520621200387703844
1520621200437704844
1520621200487706844
1520621200537711844
1520621200587624862
1520621200637626862
1520621200687627862
1520621200737629862
1520621200787630862
1520621200837632862
1520621200887634862
1520621200937635862
1520621200987446704
1520621201037447704
1520621201087449704
1520621201137450704
1520621201187452704
1520621201237453704
1520621201287455704
1520621201337457704
1520621201387450985
1520621201437466459
1520621201487468459
1520621201537469459
1520621201587471459
1520621201637472459
1520621201687474459
1520621201737476459
1520621201787478459
1520621201837655932
1520621201887657932
1520621201937662932
1520621201987660932
1520621202037662932
1520621202087663932
1520621202137665932
1520621202187684932
1520621202237794406
1520621202287795406
1520621202337797406
1520621202387798406
1520621202437800406
1520621202487802406
1520621202537803406
1520621202587805406
1520621202638236862
1520621202688238862
1520621202738239862
1520621202788241862
1520621202838242862
1520621202888244862
1520621202938246862
1520621202988247862
1520621203038747125
1520621203088748125
1520621203138750125
1520621203188752125
1520621203238753125
1520621203288755125
1520621203338756125
1520621203388758125
1520621203439355634
1520621203489356634
1520621203539358634
1520621203589359634
1520621203639361634
1520621203689362634
1520621203739364634
1520621203789365634
1520621203839441634
1520621203889507441
1520621203939509441
1520621203989510441
1520621204039512441
1520621204089514441
1520621204139515441
1520621204189517441
1520621204239518441
1520621204289439388
1520621204339440388
1520621204389442388
1520621204439443388
1520621204489445388
1520621204539447388
1520621204589448388
1520621204639450388
1520621204689220441
1520621204739222441
1520621204789224441
1520621204839226441
1520621204889227441
1520621204939228441
1520621204989230441
1520621205039232441
1520621205088907266
1520621205138909266
1520621205188910266
1520621205238912266
1520621205288913266
1520621205338915266
1520621205388916266
1520621205438918266
1520621205488816388
1520621205538818388
1520621205588819388
1520621205638821388
1520621205688823388
1520621205738824388
1520621205788826388
1520621205838827388
1520621205889071844
1520621205939072844
1520621205989074844
1520621206039075844
1520621206089077844
1520621206139079844
1520621206189080844
1520621206239082844
1520621206289083844
1520621206339902125
1520621206389903125
1520621206439906125
1520621206489907125
1520621206539908125
1520621206589911125
1520621206639912125
1520621206689913125
1520621206741336792
1520621206791338792
1520621206841340792
1520621206891341792
1520621206941344792
1520621206991344792
1520621207041346792
1520621207091377792
1520621207141373020
1520621207191374020
1520621207241376020
1520621207291378020
1520621207341379020
1520621207391381020
1520621207441382020
1520621207491384020
1520621207540075266
1520621207590077266
1520621207640079266
1520621207690080266
1520621207740082266
1520621207790083266
1520621207840085266
1520621207890086266
1520621207939125108
1520621207989126108
1520621208039128108
1520621208089130108
1520621208139131108
1520621208189134108
1520621208239135108
1520621208289136108
1520621208340983722
1520621208390984722
1520621208440986722
1520621208490987722
1520621208540992722
1520621208590990722
1520621208640996722
1520621208690993722
1520621208741080722
1520621208794712230
1520621208844714230
1520621208894716230
1520621208944717230
1520621208994719230
1520621209044720230
1520621209094722230
1520621209144723230
1520621209194502143
1520621209244504143
1520621209294505143
1520621209344507143
1520621209394508143
1520621209444510143
1520621209494511143
1520621209544513143
1520621209593272809
1520621209643274809
1520621209693276809
1520621209743277809
1520621209793279809
1520621209843281809
1520621209893283809
1520621209943284809
1520621209989825476
1520621210039826476
1520621210089827476
1520621210139829476
1520621210189831476
1520621210239832476
1520621210289833476
1520621210339835476
1520621210389513318
1520621210439515318
1520621210489517318
1520621210539518318
1520621210589520318
1520621210639521318
1520621210689523318
1520621210739524318
1520621210789526318
1520621210842194336
1520621210892196336
1520621210942198336
1520621210992199336
1520621211042201336
1520621211092202336
1520621211142204336
1520621211192205336
1520621211239849230
1520621211289851230
1520621211339853230
1520621211389854230
1520621211439856230
1520621211489857230
1520621211539859230
1520621211589860230
1520621211641172967
1520621211691173967
1520621211741175967
1520621211791177967
1520621211841178967
1520621211891179967
1520621211941181967
1520621211991218967
1520621212046808195
1520621212096810195
1520621212146811195
1520621212196813195
1520621212246814195
1520621212296816195
1520621212346817195
1520621212396819195
1520621212446821195
1520621212496822195
1520621212546824195
1520621212596825195
1520621212646827195
1520621212696828195
1520621212746830195
1520621212796831195
1520621212845879230
1520621212895881230
1520621212945882230
1520621212995884230
1520621213045886230
1520621213095887230
1520621213145889230
1520621213195891230
1520621213245892230
1520621213292091757
1520621213342093757
1520621213392095757
1520621213442098757
1520621213492098757
1520621213542099757
1520621213592101757
1520621213642190757
1520621213689566581
1520621213739567581
1520621213789569581
1520621213839570581
1520621213889572581
1520621213939573581
1520621213989575581
1520621214039576581
1520621214090558651
1520621214140560651
1520621214190561651
1520621214240563651
1520621214290564651
1520621214340566651
1520621214390567651
1520621214440569651
1520621214491317125
1520621214541318125
1520621214591320125
1520621214641322125
1520621214691323125
1520621214741324125
1520621214791326125
1520621214841328125
1520621214889594809
1520621214939596809
1520621214989597809
1520621215039599809
1520621215089601809
1520621215139602809
1520621215189603809
1520621215239605809
1520621215290770336
1520621215340771336
1520621215390773336
1520621215440774336
1520621215490776336
1520621215540777336
1520621215590779336
1520621215640780336
1520621215690782336
1520621215743358722
1520621215793359722
1520621215843361722
1520621215893362722
1520621215943364722
1520621215993366722
1520621216043367722
1520621216093369722
1520621216144752546
1520621216194754546
1520621216244756546
1520621216294757546
1520621216344759546
1520621216394760546
1520621216444762546
1520621216494764546
1520621216545743932
1520621216595744932
1520621216645746932
1520621216695747932
1520621216745749932
1520621216795751932
1520621216845752932
1520621216895785932
1520621216942623441
1520621216992625441
1520621217042626441
1520621217092628441
1520621217142629441
1520621217192631441
1520621217242632441
1520621217292634441
1520621217339955599
1520621217389956599
1520621217439958599
1520621217489959599
1520621217539961599
1520621217589962599
1520621217639964599
1520621217689966599
1520621217739967599
1520621217789757037
1520621217839759037
1520621217889760037
1520621217939762037
1520621217989763037
1520621218039765037
1520621218089767037
1520621218139768037
1520621218191467143
1520621218241469143
1520621218291471143
1520621218341472143
1520621218391473143
1520621218441478143
1520621218491477143
1520621218541555143
1520621218592033757
1520621218642034757
1520621218692036757
1520621218742037757
1520621218792039757
1520621218842040757
1520621218892042757
1520621218942044757
1520621218992210669
1520621219042212669
1520621219092213669
1520621219142215669
1520621219192216669
1520621219242218669
1520621219292220669
1520621219342221669
1520621219392391880
1520621219442392880
1520621219492394880
1520621219542396880
1520621219592397880
1520621219642399880
1520621219692401880
1520621219742403880
1520621219792104669
1520621219842105669
1520621219892106669
1520621219942108669
1520621219992109669
1520621220042111669
1520621220092113669
1520621220142115669
1520621220192116669
1520621220241387634
1520621220291389634
1520621220341390634
1520621220391392634
1520621220441393634
1520621220491395634
1520621220541397634
1520621220591398634
1520621220640558809
1520621220690559809
1520621220740561809
1520621220790562809
1520621220840564809
1520621220890566809
1520621220940567809
1520621220990569809
1520621221040087529
1520621221090088529
1520621221140090529
1520621221190092529
1520621221240093529
1520621221290095529
1520621221340096529
1520621221390097529
1520621221439969423
1520621221489970423
1520621221539974423
1520621221589974423
1520621221639976423
1520621221689977423
1520621221739978423
1520621221789995423
1520621221840135108
1520621221890137108
1520621221940138108
1520621221990140108
1520621222040141108
1520621222090143108
1520621222140145108
1520621222190146108
1520621222240148108
1520621222290794651
1520621222340796651
1520621222390797651
1520621222440799651
1520621222490801651
1520621222540802651
1520621222590804651
1520621222640805651
1520621222691697476
1520621222741699476
1520621222791701476
1520621222841702476
1520621222891704476
1520621222941705476
1520621222991707476
1520621223041708476
1520621223092838880
1520621223142840880
1520621223192841880
1520621223242844880
1520621223292845880
1520621223342846880
1520621223392848880
1520621223442908880
1520621223494982546
1520621223544983546
1520621223594985546
1520621223644986546
1520621223694988546
1520621223744990546
1520621223794991546
1520621223844993546
1520621223896676651
1520621223946678651
1520621223996679651
1520621224046681651
1520621224096683651
1520621224146684651
1520621224196686651
1520621224246688651
1520621224297191195
1520621224347193195
1520621224397194195
1520621224447196195
1520621224497198195
1520621224547199195
1520621224597201195
1520621224647202195
1520621224697204195
1520621224747205195
1520621224797207195
1520621224847208195
1520621224897210195
1520621224947211195
1520621224997213195
1520621225047214195
1520621225097216195
1520621225146143651
1520621225196145651
1520621225246147651
1520621225296148651
1520621225346150651
1520621225396151651
1520621225446153651
1520621225496154651
1520621225543653143
1520621225593654143
1520621225643656143
1520621225693658143
1520621225743659143
1520621225793661143
1520621225843663143
1520621225893664143
1520621225942250704
1520621225992251704
1520621226042253704
1520621226092255704
1520621226142256704
1520621226192257704
1520621226242260704
1520621226292261704
1520621226340752037
1520621226390753037
1520621226440755037
1520621226490757037
1520621226540758037
1520621226590760037
1520621226640762037
1520621226690763037
1520621226739821441
1520621226789823441
1520621226839825441
1520621226889826441
1520621226939828441
1520621226989829441
1520621227039831441
1520621227089832441
1520621227139834441
1520621227191662809
1520621227241664809
1520621227291666809
1520621227341667809
1520621227391669809
1520621227441670809
1520621227491672809
1520621227541674809
1520621227592082336
1520621227642083336
1520621227692086336
1520621227742087336
1520621227792089336
1520621227842090336
1520621227892092336
1520621227942093336
1520621227990364371
1520621228040366371
1520621228090368371
1520621228140369371
1520621228190371371
1520621228240372371
1520621228290374371
1520621228340410371
1520621228391736178
1520621228441737178
1520621228491739178
1520621228541741178
1520621228591742178
1520621228641744178
1520621228691745178
1520621228741747178
1520621228796445090
1520621228846447090
1520621228896449090
1520621228946450090
1520621228996452090
1520621229046453090
1520621229096455090
1520621229146456090
1520621229197344195
1520621229247346195
1520621229297347195
1520621229347350195
1520621229397351195
1520621229447353195
1520621229497354195
1520621229547355195
1520621229597357195
1520621229647358195
1520621229697360195
1520621229747361195
1520621229797363195
1520621229847364195
1520621229897366195
1520621229947367195
1520621229997443195
1520621230044345511
1520621230094346511
1520621230144348511
1520621230194349511
1520621230244351511
1520621230294352511
1520621230344354511
1520621230394355511
1520621230440476880
1520621230490478880
1520621230540479880
1520621230590481880
1520621230640482880
1520621230690484880
1520621230740485880
1520621230790487880
1520621230840572248
1520621230890574248
1520621230940577248
1520621230990577248
1520621231040579248
1520621231090581248
1520621231140582248
1520621231190584248
1520621231242117809
1520621231292119809
1520621231342120809
1520621231392122809
1520621231442124809
1520621231492125809
1520621231542126809
1520621231592128809
1520621231639947423
1520621231689949423
1520621231739951423
1520621231789952423
1520621231839954423
1520621231889955423
1520621231939957423
1520621231989958423
1520621232039960423
1520621232091159266
1520621232141160266
1520621232191162266
1520621232241163266
1520621232291165266
1520621232341166266
1520621232391168266
1520621232441169266
1520621232496532459
1520621232546534459
1520621232596536459
1520621232646537459
1520621232696539459
1520621232746540459
1520621232796542459
1520621232846544459
1520621232897250932
1520621232947251932
1520621232997253932
1520621233047255932
1520621233097256932
1520621233147257932
1520621233197259932
1520621233247260932
1520621233293254090
1520621233343256090
1520621233393257090
1520621233443259090
1520621233493260090
1520621233543262090
1520621233593263090
1520621233643265090
1520621233691418739
1520621233741419739
1520621233791421739
1520621233841422739
1520621233891424739
1520621233941425739
1520621233991427739
1520621234041428739
1520621234091430739
1520621234139794774
1520621234189795774
1520621234239798774
1520621234289799774
1520621234339800774
1520621234389802774
1520621234439804774
1520621234489805774
1520621234541031616
1520621234591033616
1520621234641035616
1520621234691036616
1520621234741037616
1520621234791039616
1520621234841041616
1520621234891065616
1520621234941852757
1520621234991853757
1520621235041855757
1520621235091856757
1520621235141858757
1520621235191859757
1520621235241861757
1520621235291863757
1520621235340320336
1520621235390322336
1520621235440323336
1520621235490325336
1520621235540326336
1520621235590328336
1520621235640329336
1520621235690331336
1520621235741435230
1520621235791436230
1520621235841438230
1520621235891440230
1520621235941441230
1520621235991443230
1520621236041445230
1520621236091446230
1520621236147006827
1520621236197007827
1520621236247009827
1520621236297010827
1520621236347015827
1520621236397013827
1520621236447014827
1520621236497016827
1520621236547074827
1520621236597460669
1520621236647462669
1520621236697463669
1520621236747465669
1520621236797466669
1520621236847468669
1520621236897470669
1520621236947471669
1520621236996881950
1520621237046882950
1520621237096884950
1520621237146885950
1520621237196887950
1520621237246888950
1520621237296890950
1520621237346892950
1520621237397485669
1520621237447487669
1520621237497489669
1520621237547490669
1520621237597492669
1520621237647494669
1520621237697495669
1520621237747497669
1520621237797594880
1520621237847596880
1520621237897597880
1520621237947598880
1520621237997600880
1520621238047601880
1520621238097608880
1520621238147605880
1520621238197084441
1520621238247001441
1520621238297002441
1520621238347004441
1520621238397005441
1520621238447007441
1520621238497009441
1520621238547010441
1520621238597012441
1520621238647165441
1520621238697167441
1520621238747168441
1520621238797170441
1520621238847171441
1520621238897173441
1520621238947175441
1520621238997176441
1520621239047633880
1520621239097634880
1520621239147636880
1520621239197638880
1520621239247639880
1520621239297641880
1520621239347643880
1520621239397644880
1520621239447665195
1520621239497667195
1520621239547668195
1520621239597669195
1520621239647671195
1520621239697672195
1520621239747674195
1520621239797678195
1520621239847677195
1520621239897678195
1520621239947680195
1520621239997681195
1520621240047683195
1520621240097685195
1520621240147686195
1520621240197688195
1520621240247689195
1520621240297691195
1520621240347692195
1520621240397694195
1520621240447695195
1520621240497697195
1520621240547699195
1520621240597700195
1520621240647702195
1520621240697703195
1520621240747705195
1520621240797707195
1520621240847708195
1520621240897710195
1520621240947712195
1520621240997713195
1520621241047715195
1520621241097716195
1520621241147718195
1520621241197719195
1520621241247721195
1520621241297722195
1520621241347724195
1520621241397725195
1520621241447727195
1520621241497728195
1520621241547730195
1520621241597731195
1520621241647733195
1520621241697735195
1520621241747736195
1520621241797738195
1520621241847739195
1520621241897034950
1520621241947035950
1520621241997037950
1520621242047039950
1520621242097040950
1520621242147042950
1520621242197043950
1520621242247045950
1520621242296133055
1520621242346135055
1520621242396137055
1520621242446138055
1520621242496140055
1520621242546141055
1520621242596143055
1520621242646145055
1520621242692972651
1520621242742974651
1520621242792975651
1520621242842977651
1520621242892978651
1520621242942980651
1520621242992981651
1520621243042983651
1520621243090598739
1520621243140573739
1520621243190574739
1520621243240576739
1520621243290578739
1520621243340579739
1520621243390581739
1520621243440582739
1520621243490584739
1520621243539563704
1520621243589565704
1520621243639567704
1520621243689568704
1520621243739570704
1520621243789571704
1520621243839573704
1520621243889574704
1520621243939387792
1520621243989388792
1520621244039390792
1520621244089392792
1520621244139393792
1520621244189395792
1520621244239397792
1520621244289398792
1520621244339476090
1520621244389477090
1520621244439480090
1520621244489480090
1520621244539482090
1520621244589483090
1520621244639486090
1520621244689486090
1520621244740218266
1520621244790159266
1520621244840161266
1520621244890163266
1520621244940164266
1520621244990166266
1520621245040167266
1520621245090169266
1520621245140170827
1520621245190172827
1520621245240174827
1520621245290175827
1520621245340177827
1520621245390178827
1520621245440180827
1520621245490181827
1520621245540183827
1520621245589938459
1520621245639939459
1520621245689941459
1520621245739943459
1520621245789944459
1520621245839946459
1520621245889947459
1520621245939949459
1520621245989576511
1520621246039576511
1520621246089578511
1520621246139580511
1520621246189581511
1520621246239583511
1520621246289585511
1520621246339586511
1520621246389536353
1520621246439450353
1520621246489452353
1520621246539453353
1520621246589455353
1520621246639456353
1520621246689458353
1520621246739459353
1520621246789280020
1520621246839281020
1520621246889283020
1520621246939285020
1520621246989286020
1520621247039288020
1520621247089290020
1520621247139291020
1520621247189225932
1520621247239226932
1520621247289228932
1520621247339229932
1520621247389231932
1520621247439233932
1520621247489234932
1520621247539236932
1520621247589275283
1520621247639275283
1520621247689281283
1520621247739279283
1520621247789281283
1520621247839282283
1520621247889284283
1520621247939285283
1520621247989289283
1520621248039219371
1520621248089221371
1520621248139222371
1520621248189224371
1520621248239225371
1520621248289227371
1520621248339228371
1520621248389230371
1520621248439040915
1520621248489042915
1520621248539044915
1520621248589045915
1520621248639047915
1520621248689048915
1520621248739050915
1520621248789051915
1520621248838954195
1520621248888956195
1520621248938957195
1520621248988959195
1520621249038961195
1520621249088962195
1520621249138964195
1520621249188965195
1520621249239030985
1520621249289032985
1520621249339033985
1520621249389034985
1520621249439036985
1520621249489037985
1520621249539039985
1520621249589041985
1520621249639064178
1520621249689066178
1520621249739067178
1520621249789069178
1520621249839070178
1520621249889072178
1520621249939073178
1520621249989075178
1520621250039099546
1520621250089076704
1520621250139078704
1520621250189079704
1520621250239081704
1520621250289082704
1520621250339084704
1520621250389085704
1520621250439087704
1520621250489121002
1520621250539122002
1520621250589124002
1520621250639126002
1520621250689127002
1520621250739129002
1520621250789130002
1520621250839132002
1520621250889163055
1520621250939168055
1520621250989165055
1520621251039167055
1520621251089169055
1520621251139170055
1520621251189171055
1520621251239173055
1520621251289178073
1520621251339155073
1520621251389157073
1520621251439158073
1520621251489160073
1520621251539161073
1520621251589163073
1520621251639164073
1520621251689147757
1520621251739149757
1520621251789150757
1520621251839152757
1520621251889153757
1520621251939155757
1520621251989156757
1520621252039158757
1520621252089162090
1520621252139163090
1520621252189165090
1520621252239166090
1520621252289168090
1520621252339170090
1520621252389172090
1520621252439173090
1520621252489175090
1520621252539245704
1520621252589246704
1520621252639251704
1520621252689250704
1520621252739251704
1520621252789252704
1520621252839254704
1520621252889256704
1520621252939221985
1520621252989167985
1520621253039168985
1520621253089170985
1520621253139171985
1520621253189173985
1520621253239174985
1520621253289176985
1520621253339153581
1520621253389154581
1520621253439156581
1520621253489157581
1520621253539159581
1520621253589160581
1520621253639162581
1520621253689164581
1520621253739192459
1520621253789194459
1520621253839195459
1520621253889197459
1520621253939198459
1520621253989201459
1520621254039202459
1520621254089204459
1520621254139276757
1520621254189278757
1520621254239279757
1520621254289281757
1520621254339282757
1520621254389288757
1520621254439285757
1520621254489287757
1520621254539201950
1520621254589292950
1520621254639204950
1520621254689206950
1520621254739207950
1520621254789209950
1520621254839210950
1520621254889212950
1520621254939214950
1520621254989156932
1520621255039158932
1520621255089159932
1520621255139161932
1520621255189162932
1520621255239164932
1520621255289166932
1520621255339167932
1520621255389440669
1520621255439441669
1520621255489443669
1520621255539445669
1520621255589447669
1520621255639448669
1520621255689449669
1520621255739451669
1520621255789279336
1520621255839281336
1520621255889282336
1520621255939284336
1520621255989285336
1520621256039288336
1520621256089289336
1520621256139290336
1520621256189174230
1520621256239175230
1520621256289177230
1520621256339178230
1520621256389180230
1520621256439181230
1520621256489183230
1520621256539185230
1520621256589282371
1520621256639284371
1520621256689285371
1520621256739287371
1520621256789288371
1520621256839290371
1520621256889292371
1520621256939293371
1520621256989232353
1520621257039233353
1520621257089235353
1520621257139237353
1520621257189239353
1520621257239240353
1520621257289242353
1520621257339243353
1520621257389245353
1520621257439370301
1520621257489371301
1520621257539372301
1520621257589378301
1520621257639375301
1520621257689377301
1520621257739378301
1520621257789380301
1520621257839360108
1520621257889358108
1520621257939359108
1520621257989361108
1520621258039362108
1520621258089364108
1520621258139366108
1520621258189367108
1520621258239450511
1520621258289451511
1520621258339453511
1520621258389454511
1520621258439456511
1520621258489458511
1520621258539459511
1520621258589461511
1520621258639407634
1520621258689409634
1520621258739410634
1520621258789412634
1520621258839414634
1520621258889415634
1520621258939417634
1520621258989418634
1520621259039252564
1520621259089253564
1520621259139255564
1520621259189257564
1520621259239258564
1520621259289260564
1520621259339261564
1520621259389263564
1520621259439270599
1520621259489310599
1520621259539273599
1520621259589275599
1520621259639276599
1520621259689278599
1520621259739280599
1520621259789281599
1520621259839283599
1520621259889309511
1520621259939311511
1520621259989312511
1520621260039314511
1520621260089316511
1520621260139317511
1520621260189319511
1520621260239320511
1520621260289389529
1520621260339390529
1520621260389392529
1520621260439394529
1520621260489396529
1520621260539397529
1520621260589399529
1520621260639401529
1520621260689657055
1520621260739658055
1520621260789660055
1520621260839661055
1520621260889663055
1520621260939664055
1520621260989666055
1520621261039668055
1520621261089677827
1520621261139752827
1520621261189680827
1520621261239681827
1520621261289683827
1520621261339685827
1520621261389686827
1520621261439688827
1520621261489448985
1520621261539450985
1520621261589451985
1520621261639453985
1520621261689455985
1520621261739456985
1520621261789458985
1520621261839459985
1520621261889461985
1520621261939325809
1520621261989326809
1520621262039327809
1520621262089329809
1520621262139331809
1520621262189332809
1520621262239335809
1520621262289336809
1520621262339380406
1520621262389382406
1520621262439383406
1520621262489385406
1520621262539386406
1520621262589388406
1520621262639390406
1520621262689391406
1520621262739525950
1520621262789527950
1520621262839528950
1520621262889530950
1520621262939532950
1520621262989533950
1520621263039535950
1520621263089536950
1520621263139531651
1520621263189532651
1520621263239534651
1520621263289536651
1520621263339537651
1520621263389539651
1520621263439540651
1520621263489542651
1520621263539738897
1520621263589739897
1520621263639741897
1520621263689742897
1520621263739744897
1520621263789745897
1520621263839747897
1520621263889749897
1520621263939842546
1520621263989844546
1520621264039845546
1520621264089847546
1520621264139848546
1520621264189850546
1520621264239852546
1520621264289853546
1520621264339855546
1520621264389584757
1520621264439586757
1520621264489587757
1520621264539589757
1520621264589590757
1520621264639592757
1520621264689593757
1520621264739595757
1520621264789453880
1520621264839455880
1520621264889457880
1520621264939458880
1520621264989460880
1520621265039461880
1520621265089463880
1520621265139464880
1520621265189616423
1520621265239617423
1520621265289619423
1520621265339621423
1520621265389622423
1520621265439624423
1520621265489626423
1520621265539627423
1520621265589981844
1520621265639983844
1520621265689984844
1520621265739985844
1520621265789991844
1520621265839989844
1520621265889990844
1520621265939991844
1520621265990137143
1520621266040154143
1520621266090140143
1520621266140142143
1520621266190143143
1520621266240145143
1520621266290146143
1520621266340148143
1520621266390149143
1520621266440282020
1520621266490284020
1520621266540285020
1520621266590287020
1520621266640288020
1520621266690290020
1520621266740291020
1520621266790293020
1520621266839957178
1520621266889959178
1520621266939961178
1520621266989963178
1520621267039964178
1520621267089966178
1520621267139967178
1520621267189969178
1520621267239810336
1520621267289811336
1520621267339813336
1520621267389814336
1520621267439816336
1520621267489817336
1520621267539818336
1520621267589820336
1520621267639760634
1520621267689811634
1520621267739764634
1520621267789765634
1520621267839767634
1520621267889768634
1520621267939770634
1520621267989771634
1520621268039870757
1520621268089872757
1520621268139873757
1520621268189875757
1520621268239876757
1520621268289878757
1520621268339879757
1520621268389881757
1520621268440059687
1520621268490060687
1520621268540062687
1520621268590063687
1520621268640065687
1520621268690067687
1520621268740069687
1520621268790070687
1520621268840071687
1520621268889868213
1520621268939869213
1520621268989871213
1520621269039872213
1520621269089874213
1520621269139877213
1520621269189877213
1520621269239880213
1520621269289766880
1520621269339847880
1520621269389769880
1520621269439771880
1520621269489772880
1520621269539774880
1520621269589775880
1520621269639777880
1520621269689914266
1520621269739915266
1520621269789917266
1520621269839918266
1520621269889920266
1520621269939921266
1520621269989923266
1520621270039925266
1520621270089969915
1520621270139971915
1520621270189972915
1520621270239974915
1520621270289976915
1520621270339977915
1520621270389979915
1520621270439980915
1520621270489944108
1520621270539945108
1520621270589947108
1520621270639948108
1520621270689950108
1520621270739951108
1520621270789954108
1520621270839955108
1520621270889923757
1520621270939927757
1520621270989926757
1520621271039928757
1520621271089929757
1520621271139931757
1520621271189932757
1520621271239934757
1520621271289936757
1520621271339889266
1520621271389891266
1520621271439892266
1520621271489894266
1520621271539895266
1520621271589897266
1520621271639898266
1520621271689900266
1520621271739892511
1520621271789893511
1520621271839895511
1520621271889896511
1520621271939898511
1520621271989900511
1520621272039901511
1520621272089903511
1520621272139934195
1520621272189937195
1520621272239938195
1520621272289939195
