1520621014586874379
1520621014636875379
1520621014686965379
1520621014736878379
1520621014786880379
1520621014836882379
1520621014886883379
1520621014936885379
1520621014986898800
1520621015036900800
1520621015086901800
1520621015136903800
1520621015186904800
1520621015236906800
1520621015286908800
1520621015336909800
1520621015386915309
1520621015436916309
1520621015486918309
1520621015536920309
1520621015586921309
1520621015636923309
1520621015686925309
1520621015736926309
1520621015786951730
1520621015836953730
1520621015886955730
1520621015936956730
1520621015986958730
1520621016036959730
1520621016086961730
1520621016136962730
1520621016186964730
1520621016237006309
1520621016287007309
1520621016337008309
1520621016387010309
1520621016437012309
1520621016487013309
1520621016537015309
1520621016587016309
1520621016637034660
1520621016687035660
1520621016737037660
1520621016787038660
1520621016837040660
1520621016887042660
1520621016937043660
1520621016987045660
1520621017037100484
1520621017087102484
1520621017137103484
1520621017187105484
1520621017237107484
1520621017287109484
1520621017337110484
1520621017387111484
1520621017437130397
1520621017487132397
1520621017537133397
1520621017587135397
1520621017637137397
1520621017687138397
1520621017737139397
1520621017787141397
1520621017837120362
1520621017887122362
1520621017937185362
1520621017987125362
1520621018037127362
1520621018087128362
1520621018137130362
1520621018187131362
1520621018237133362
1520621018287117800
1520621018337119800
1520621018387120800
1520621018437122800
1520621018487124800
1520621018537125800
1520621018587127800
1520621018637128800
1520621018687151291
1520621018737152291
1520621018787154291
1520621018837155291
1520621018887157291
1520621018937159291
1520621018987161291
1520621019037163291
1520621019087119098
1520621019137120098
1520621019187121098
1520621019237123098
1520621019287125098
1520621019337127098
1520621019387128098
1520621019437130098
1520621019487140221
1520621019537143221
1520621019587143221
1520621019637145221
1520621019687146221
1520621019737148221
1520621019787149221
1520621019837151221
1520621019887189484
1520621019937191484
1520621019987192484
1520621020037194484
1520621020087196484
1520621020137197484
1520621020187199484
1520621020237200484
1520621020287315958
1520621020337317958
1520621020387318958
1520621020437320958
1520621020487321958
1520621020537323958
1520621020587325958
1520621020637326958
1520621020687328958
1520621020737633046
1520621020787635046
1520621020837636046
1520621020887638046
1520621020937639046
1520621020987641046
1520621021037648046
1520621021087644046
1520621021137578537
1520621021187614537
1520621021237581537
1520621021287582537
1520621021337584537
1520621021387585537
1520621021437587537
1520621021487588537
1520621021537281204
1520621021587282204
1520621021637284204
1520621021687286204
1520621021737287204
1520621021787289204
1520621021837290204
1520621021887292204
1520621021937102467
1520621021987104467
1520621022037105467
1520621022087107467
1520621022137109467
1520621022187110467
1520621022237112467
1520621022287114467
1520621022337128590
1520621022387130590
1520621022437132590
1520621022487133590
1520621022537134590
1520621022587136590
1520621022637138590
1520621022687139590
1520621022737202432
1520621022787203432
1520621022837300432
1520621022887206432
1520621022937208432
1520621022987209432
1520621023037211432
1520621023087212432
1520621023137214432
1520621023187275783
1520621023237277783
1520621023287279783
1520621023337280783
1520621023387282783
1520621023437283783
1520621023487285783
1520621023537286783
1520621023587304993
1520621023637305993
1520621023687307993
1520621023737309993
1520621023787311993
1520621023837312993
1520621023887314993
1520621023937316993
1520621023987405362
1520621024037407362
1520621024087408362
1520621024137409362
1520621024187411362
1520621024237412362
1520621024287414362
1520621024337415362
1520621024387475256
1520621024437479256
1520621024487478256
1520621024537480256
1520621024587481256
1520621024637483256
1520621024687484256
1520621024737486256
1520621024787448449
1520621024837450449
1520621024887452449
1520621024937453449
1520621024987455449
1520621025037456449
1520621025087458449
1520621025137459449
1520621025187461449
1520621025237291221
1520621025287293221
1520621025337295221
1520621025387296221
1520621025437298221
1520621025487300221
1520621025537301221
1520621025587303221
1520621025637152169
1520621025687153169
1520621025737154169
1520621025787158169
1520621025837158169
1520621025887159169
1520621025937160169
1520621025987162169
1520621026037138537
1520621026087205537
1520621026137142537
1520621026187143537
1520621026237145537
1520621026287146537
1520621026337148537
1520621026387149537
1520621026437279397
1520621026487281397
1520621026537282397
1520621026587284397
1520621026637285397
1520621026687287397
1520621026737288397
1520621026787290397
1520621026837455607
1520621026887457607
1520621026937459607
1520621026987460607
1520621027037462607
1520621027087464607
1520621027137465607
1520621027187467607
1520621027237577256
1520621027287578256
1520621027337580256
1520621027387585256
1520621027437582256
1520621027487584256
1520621027537586256
1520621027587587256
1520621027637588256
1520621027687843590
1520621027737845590
1520621027787846590
1520621027837848590
1520621027887849590
1520621027937851590
1520621027987852590
1520621028037854590
1520621028087516800
1520621028137517800
1520621028187519800
1520621028237520800
1520621028287522800
1520621028337524800
1520621028387525800
1520621028437526800
1520621028487427888
1520621028537429888
1520621028587430888
1520621028637432888
1520621028687434888
1520621028737435888
1520621028787437888
1520621028837439888
1520621028887379625
1520621028937381625
1520621028987382625
1520621029037383625
1520621029087385625
1520621029137387625
1520621029187394625
1520621029237389625
1520621029287366362
1520621029337401362
1520621029387369362
1520621029437371362
1520621029487372362
1520621029537374362
1520621029587375362
1520621029637377362
1520621029687470169
1520621029737471169
1520621029787473169
1520621029837474169
1520621029887476169
1520621029937477169
1520621029987479169
1520621030037480169
1520621030087482169
1520621030137524730
1520621030187525730
1520621030237527730
1520621030287529730
1520621030337531730
1520621030387532730
1520621030437534730
1520621030487535730
1520621030537588169
1520621030587590169
1520621030637591169
1520621030687593169
1520621030737595169
1520621030787596169
1520621030837598169
1520621030887599169
1520621030937692607
1520621030987788607
1520621031037695607
1520621031087696607
1520621031137698607
1520621031187699607
1520621031237701607
1520621031287703607
1520621031337925519
1520621031387927519
1520621031437928519
1520621031487930519
1520621031537931519
1520621031587933519
1520621031637934519
1520621031687936519
1520621031737669748
1520621031787670748
1520621031837672748
1520621031887673748
1520621031937676748
1520621031987676748
1520621032037678748
1520621032087680748
1520621032137813905
1520621032187380028
1520621032237382028
1520621032287383028
1520621032337384028
1520621032387387028
1520621032437387028
1520621032487389028
1520621032537391028
1520621032587322976
1520621032637320976
1520621032687321976
1520621032737323976
1520621032787324976
1520621032837326976
1520621032887328976
1520621032937329976
1520621032987354151
1520621033037355151
1520621033087357151
1520621033137358151
1520621033187360151
1520621033237361151
1520621033287363151
1520621033337365151
1520621033387819414
1520621033437821414
1520621033487822414
1520621033537824414
1520621033587826414
1520621033637828414
1520621033687829414
1520621033737830414
1520621033788476414
1520621033838478414
1520621033888479414
1520621033938482414
1520621033988482414
1520621034038483414
1520621034088485414
1520621034138490414
1520621034187855291
1520621034237921291
1520621034287858291
1520621034337860291
1520621034387861291
1520621034437863291
1520621034487865291
1520621034537866291
1520621034587868291
1520621034637450625
1520621034687452625
1520621034737453625
1520621034787455625
1520621034837456625
1520621034887458625
1520621034937460625
1520621034987461625
1520621035037296256
1520621035087297256
1520621035137299256
1520621035187301256
1520621035237303256
1520621035287304256
1520621035337306256
1520621035387307256
1520621035437320765
1520621035487321765
1520621035537323765
1520621035587324765
1520621035637325765
1520621035687327765
1520621035737329765
1520621035787330765
1520621035837489151
1520621035887488151
1520621035937490151
1520621035987491151
1520621036037493151
1520621036087495151
1520621036137496151
1520621036187498151
1520621036238245677
1520621036288247677
1520621036338248677
1520621036388250677
1520621036438251677
1520621036488253677
1520621036538255677
1520621036588256677
1520621036638715169
1520621036688716169
1520621036738718169
1520621036788720169
1520621036838721169
1520621036888723169
1520621036938725169
1520621036988726169
1520621037038728169
1520621037088257519
1520621037138261519
1520621037188260519
1520621037238262519
1520621037288263519
1520621037338265519
1520621037388266519
1520621037438268519
1520621037487683484
1520621037537649484
1520621037587650484
1520621037637652484
1520621037687654484
1520621037737655484
1520621037787657484
1520621037837658484
1520621037887414379
1520621037937415379
1520621037987417379
1520621038037418379
1520621038087420379
1520621038137422379
1520621038187423379
1520621038237425379
1520621038287447923
1520621038337449923
1520621038387451923
1520621038437452923
1520621038487454923
1520621038537455923
1520621038587457923
1520621038637459923
1520621038687755098
1520621038737757098
1520621038787758098
1520621038837759098
1520621038887761098
1520621038937763098
1520621038987764098
1520621039037766098
1520621039088622835
1520621039138722835
1520621039188624835
1520621039238626835
1520621039288628835
1520621039338629835
1520621039388631835
1520621039438632835
1520621039488634835
1520621039537905660
1520621039587907660
1520621039637909660
1520621039687910660
1520621039737912660
1520621039787913660
1520621039837915660
1520621039887916660
1520621039937517397
1520621039987518397
1520621040037520397
1520621040087522397
1520621040137523397
1520621040187525397
1520621040237527397
1520621040287528397
1520621040337771519
1520621040387772519
1520621040437774519
1520621040487775519
1520621040537777519
1520621040587778519
1520621040637780519
1520621040687781519
1520621040738683993
1520621040788677993
1520621040838679993
1520621040888681993
1520621040938682993
1520621040988684993
1520621041038685993
1520621041088687993
1520621041138486326
1520621041188488326
1520621041238489326
1520621041288491326
1520621041338493326
1520621041388494326
1520621041438496326
1520621041488497326
1520621041538499326
1520621041587893028
1520621041637895028
1520621041687897028
1520621041737898028
1520621041787900028
1520621041837901028
1520621041887903028
1520621041937905028
1520621041988070309
1520621042038072309
1520621042088073309
1520621042138075309
1520621042188077309
1520621042238078309
1520621042288080309
1520621042338081309
1520621042388120502
1520621042438053502
1520621042488055502
1520621042538056502
1520621042588058502
1520621042638059502
1520621042688061502
1520621042738062502
1520621042787920783
1520621042837922783
1520621042887923783
1520621042937925783
1520621042987926783
1520621043037928783
1520621043087930783
1520621043137931783
1520621043187991397
1520621043237992397
1520621043287994397
1520621043337995397
1520621043387997397
1520621043437999397
1520621043488001397
1520621043538002397
1520621043587938274
1520621043637940274
1520621043687941274
1520621043737943274
1520621043787944274
1520621043837946274
1520621043887947274
1520621043937949274
1520621043987950274
1520621044037936835
1520621044087938835
1520621044137939835
1520621044187941835
1520621044237942835
1520621044287944835
1520621044337945835
1520621044387947835
1520621044437897414
1520621044487898414
1520621044537900414
1520621044587901414
1520621044637903414
1520621044687904414
1520621044737906414
1520621044787907414
1520621044837875098
1520621044887877098
1520621044937879098
1520621044987880098
1520621045037882098
1520621045087883098
1520621045137885098
1520621045187886098
1520621045237873151
1520621045287874151
1520621045337876151
1520621045387877151
1520621045437879151
1520621045487880151
1520621045537882151
1520621045587884151
1520621045637916221
1520621045687875221
1520621045737876221
1520621045787878221
1520621045837879221
1520621045887881221
1520621045937882221
1520621045987884221
1520621046037885221
1520621046087876625
1520621046137878625
1520621046187879625
1520621046237881625
1520621046287882625
1520621046337884625
1520621046387885625
1520621046437887625
1520621046487992362
1520621046537993362
1520621046587995362
1520621046637997362
1520621046687998362
1520621046738000362
1520621046788002362
1520621046838003362
1520621046888145502
1520621046938146502
1520621046988147502
1520621047038149502
1520621047088151502
1520621047138152502
1520621047188153502
1520621047238155502
1520621047288273081
1520621047338274081
1520621047388276081
1520621047438277081
1520621047488279081
1520621047538280081
1520621047588282081
1520621047638283081
1520621047688220028
1520621047738222028
1520621047788223028
1520621047838225028
1520621047888226028
1520621047938228028
1520621047988229028
1520621048038231028
1520621048088169098
1520621048138170098
1520621048188172098
1520621048238174098
1520621048288175098
1520621048338177098
1520621048388179098
1520621048438180098
1520621048488181098
1520621048538171730
1520621048588172730
1520621048638174730
1520621048688175730
1520621048738177730
1520621048788179730
1520621048838180730
1520621048888197730
1520621048938344151
1520621048988346151
1520621049038347151
1520621049088349151
1520621049138350151
1520621049188352151
1520621049238353151
1520621049288355151
1520621049338516590
1520621049388517590
1520621049438519590
1520621049488520590
1520621049538522590
1520621049588524590
1520621049638525590
1520621049688527590
1520621049738621853
1520621049788623853
1520621049838625853
1520621049888626853
1520621049938628853
1520621049988630853
1520621050038631853
1520621050088633853
1520621050138478291
1520621050188479291
1520621050238481291
1520621050288483291
1520621050338484291
1520621050388486291
1520621050438488291
1520621050488489291
1520621050538325923
1520621050588244923
1520621050638245923
1520621050688247923
1520621050738248923
1520621050788250923
1520621050838252923
1520621050888253923
1520621050938255923
1520621050988054748
1520621051038056748
1520621051088057748
1520621051138059748
1520621051188061748
1520621051238062748
1520621051288064748
1520621051338065748
1520621051388028941
1520621051438030941
1520621051488031941
1520621051538033941
1520621051588035941
1520621051638036941
1520621051688037941
1520621051738039941
1520621051788111256
1520621051838113256
1520621051888114256
1520621051938116256
1520621051988117256
1520621052038119256
1520621052088121256
1520621052138122256
1520621052188306221
1520621052238307221
1520621052288309221
1520621052338310221
1520621052388312221
1520621052438313221
1520621052488315221
1520621052538317221
1520621052588475695
1520621052638477695
1520621052688478695
1520621052738480695
1520621052788482695
1520621052838483695
1520621052888485695
1520621052938486695
1520621052988488695
1520621053038498748
1520621053088500748
1520621053138502748
1520621053188504748
1520621053238505748
1520621053288506748
1520621053338508748
1520621053388509748
1520621053438604941
1520621053488605941
1520621053538607941
1520621053588609941
1520621053638610941
1520621053688612941
1520621053738613941
1520621053788672941
1520621053838654976
1520621053888656976
1520621053938657976
1520621053988659976
1520621054038660976
1520621054088662976
1520621054138664976
1520621054188665976
1520621054238563835
1520621054288564835
1520621054338566835
1520621054388568835
1520621054438569835
1520621054488571835
1520621054538572835
1520621054588574835
1520621054638630432
1520621054688632432
1520621054738634432
1520621054788635432
1520621054838637432
1520621054888639432
1520621054938640432
1520621054988642432
1520621055038747502
1520621055088751502
1520621055138750502
1520621055188751502
1520621055238753502
1520621055288755502
1520621055338756502
1520621055388758502
1520621055438759502
1520621055488701993
1520621055538702993
1520621055588704993
1520621055638705993
1520621055688707993
1520621055738709993
1520621055788710993
1520621055838712993
1520621055888588449
1520621055938590449
1520621055988591449
1520621056038593449
1520621056088595449
1520621056138596449
1520621056188598449
1520621056238599449
1520621056288564186
1520621056338565186
1520621056388568186
1520621056438569186
1520621056488570186
1520621056538573186
1520621056588573186
1520621056638575186
1520621056688528958
1520621056738530958
1520621056788532958
1520621056838533958
1520621056888535958
1520621056938536958
1520621056988538958
1520621057038573958
1520621057088613046
1520621057138614046
1520621057188616046
1520621057238617046
1520621057288619046
1520621057338621046
1520621057388622046
1520621057438624046
1520621057488647081
1520621057538649081
1520621057588650081
1520621057638652081
1520621057688654081
1520621057738655081
1520621057788657081
1520621057838659081
1520621057888660081
1520621057938674625
1520621057988676625
1520621058038678625
1520621058088680625
1520621058138681625
1520621058188682625
1520621058238684625
1520621058288686625
1520621058338571484
1520621058388573484
1520621058438574484
1520621058488579484
1520621058538577484
1520621058588579484
1520621058638580484
1520621058688680484
1520621058738603976
1520621058788605976
1520621058838606976
1520621058888608976
1520621058938610976
1520621058988611976
1520621059038613976
1520621059088614976
1520621059138739712
1520621059188740712
1520621059238742712
1520621059288744712
1520621059338745712
1520621059388747712
1520621059438749712
1520621059488750712
1520621059539305958
1520621059589307958
1520621059639309958
1520621059689311958
1520621059739312958
1520621059789313958
1520621059839315958
1520621059889317958
1520621059939381204
1520621059989382204
1520621060039385204
1520621060089386204
1520621060139387204
1520621060189389204
1520621060239391204
1520621060289397204
1520621060339393204
1520621060389245870
1520621060439246870
1520621060489248870
1520621060539250870
1520621060589251870
1520621060639253870
1520621060689254870
1520621060739256870
1520621060789111344
1520621060839113344
1520621060889115344
1520621060939116344
1520621060989118344
1520621061039119344
1520621061089121344
1520621061139122344
1520621061188949186
1520621061238951186
1520621061288953186
1520621061338955186
1520621061388956186
1520621061438958186
1520621061488959186
1520621061538960186
1520621061588763783
1520621061638765783
1520621061688767783
1520621061738768783
1520621061788770783
1520621061838772783
1520621061888773783
1520621061938843783
1520621061988730537
1520621062038732537
1520621062088733537
1520621062138735537
1520621062188736537
1520621062238738537
1520621062288739537
1520621062338741537
1520621062388742537
1520621062438785028
1520621062488787028
1520621062538788028
1520621062588790028
1520621062638791028
1520621062688793028
1520621062738794028
1520621062788796028
1520621062839025590
1520621062889027590
1520621062939029590
1520621062989031590
1520621063039032590
1520621063089034590
1520621063139036590
1520621063189036590
1520621063239293274
1520621063289294274
1520621063339295274
1520621063389297274
1520621063439298274
1520621063489300274
1520621063539302274
1520621063589303274
1520621063639452063
1520621063689454063
1520621063739456063
1520621063789457063
1520621063839459063
1520621063889460063
1520621063939462063
1520621063989463063
1520621064039452291
1520621064089454291
1520621064139455291
1520621064189457291
1520621064239458291
1520621064289460291
1520621064339461291
1520621064389463291
1520621064439327519
1520621064489329519
1520621064539331519
1520621064589333519
1520621064639334519
1520621064689336519
1520621064739337519
1520621064789339519
1520621064839340519
1520621064889138941
1520621064939139941
1520621064989141941
1520621065039143941
1520621065089144941
1520621065139146941
1520621065189188941
1520621065239149941
1520621065289057046
1520621065339059046
1520621065389060046
1520621065439062046
1520621065489063046
1520621065539065046
1520621065589066046
1520621065639068046
1520621065688918537
1520621065738919537
1520621065788921537
1520621065838922537
1520621065888924537
1520621065938925537
1520621065988927537
1520621066038928537
1520621066088836432
1520621066138838432
1520621066188839432
1520621066238841432
1520621066288843432
1520621066338844432
1520621066388846432
1520621066438847432
1520621066488856309
1520621066538858309
1520621066588859309
1520621066638861309
1520621066688862309
1520621066738864309
1520621066788865309
1520621066838966309
1520621066888868309
1520621066938911362
1520621066988912362
1520621067038914362
1520621067088915362
1520621067138917362
1520621067188918362
1520621067238920362
1520621067288922362
1520621067338928344
1520621067388930344
1520621067438931344
1520621067488933344
1520621067538935344
1520621067588936344
1520621067638937344
1520621067688939344
1520621067738915519
1520621067788917519
1520621067838919519
1520621067888920519
1520621067938921519
1520621067988923519
1520621068038925519
1520621068088926519
1520621068139051309
1520621068189053309
1520621068239055309
1520621068289056309
1520621068339057309
1520621068389059309
1520621068439068309
1520621068489062309
1520621068539181081
1520621068589182081
1520621068639184081
1520621068689185081
1520621068739187081
1520621068789188081
1520621068839190081
1520621068889192081
1520621068939209923
1520621068989211923
1520621069039212923
1520621069089214923
1520621069139215923
1520621069189217923
1520621069239218923
1520621069289220923
1520621069339222923
1520621069389158169
1520621069439160169
1520621069489162169
1520621069539163169
1520621069589165169
1520621069639167169
1520621069689168169
1520621069739169169
1520621069789100011
1520621069839102011
1520621069889107011
1520621069939104011
1520621069989106011
1520621070039108011
1520621070089177011
1520621070139111011
1520621070189046958
1520621070239048958
1520621070289049958
1520621070339051958
1520621070389052958
1520621070439054958
1520621070489056958
1520621070539057958
1520621070589041221
1520621070639042221
1520621070689044221
1520621070739045221
1520621070789047221
1520621070839048221
1520621070889050221
1520621070939052221
1520621070989033502
1520621071039036502
1520621071089037502
1520621071139038502
1520621071189040502
1520621071239042502
1520621071289043502
1520621071339044502
1520621071388989028
1520621071438991028
1520621071488992028
1520621071538994028
1520621071588995028
1520621071638997028
1520621071689000028
1520621071739000028
1520621071789001028
1520621071839081695
1520621071889082695
1520621071939084695
1520621071989085695
1520621072039087695
1520621072089089695
1520621072139090695
1520621072189092695
1520621072239090537
1520621072289092537
1520621072339093537
1520621072389095537
1520621072439096537
1520621072489098537
1520621072539100537
1520621072589101537
1520621072639014555
1520621072689016555
1520621072739017555
1520621072789019555
1520621072839020555
1520621072889022555
1520621072939023555
1520621072989025555
1520621073039049660
1520621073089050660
1520621073139052660
1520621073189057660
1520621073239055660
1520621073289056660
1520621073339091660
1520621073389059660
1520621073439099765
1520621073489100765
1520621073539102765
1520621073589103765
1520621073639105765
1520621073689107765
1520621073739108765
1520621073789110765
1520621073839111765
1520621073889106888
1520621073939107888
1520621073989109888
1520621074039110888
1520621074089112888
1520621074139114888
1520621074189115888
1520621074239117888
1520621074289338344
1520621074339340344
1520621074389341344
1520621074439343344
1520621074489344344
1520621074539345344
1520621074589347344
1520621074639348344
1520621074689730204
1520621074739731204
1520621074789738204
1520621074839734204
1520621074889736204
1520621074939738204
1520621074989835204
1520621075039741204
1520621075089881642
1520621075139883642
1520621075189885642
1520621075239886642
1520621075289888642
1520621075339889642
1520621075389891642
1520621075439892642
1520621075490056748
1520621075540057748
1520621075590059748
1520621075640061748
1520621075690062748
1520621075740064748
1520621075790065748
1520621075840067748
1520621075890172537
1520621075940174537
1520621075990176537
1520621076040177537
1520621076090179537
1520621076140181537
1520621076190182537
1520621076240183537
1520621076290185537
1520621076340258098
1520621076390257098
1520621076440259098
1520621076490260098
1520621076540262098
1520621076590267098
1520621076640265098
1520621076690266098
1520621076740282063
1520621076790283063
1520621076840285063
1520621076890287063
1520621076940288063
1520621076990290063
1520621077040291063
1520621077090293063
1520621077140515748
1520621077190517748
1520621077240519748
1520621077290520748
1520621077340522748
1520621077390523748
1520621077440525748
1520621077490526748
1520621077540365800
1520621077590367800
1520621077640369800
1520621077690370800
1520621077740371800
1520621077790373800
1520621077840375800
1520621077890376800
1520621077940137958
1520621077990138958
1520621078040141958
1520621078090141958
1520621078140147958
1520621078190145958
1520621078240209958
1520621078290147958
1520621078340184063
1520621078390185063
1520621078440187063
1520621078490189063
1520621078540190063
1520621078590192063
1520621078640193063
1520621078690195063
1520621078740196063
1520621078790198063
1520621078840199063
1520621078890201063
1520621078940203063
1520621078990204063
1520621079040206063
1520621079090208063
1520621079140209063
1520621079189659677
1520621079239662677
1520621079289663677
1520621079339664677
1520621079389666677
1520621079439668677
1520621079489669677
1520621079539671677
1520621079589567133
1520621079639569133
1520621079689570133
1520621079739572133
1520621079789573133
1520621079839578133
1520621079889576133
1520621079939578133
1520621079989753940
1520621080039755940
1520621080089757940
1520621080139758940
1520621080189760940
1520621080239761940
1520621080289763940
1520621080339764940
1520621080389779081
1520621080439780081
1520621080489782081
1520621080539784081
1520621080589785081
1520621080639787081
1520621080689788081
1520621080739790081
1520621080789619853
1520621080839621853
1520621080889623853
1520621080939625853
1520621080989627853
1520621081039627853
1520621081089629853
1520621081139630853
1520621081189632853
1520621081239326835
1520621081289328835
1520621081339330835
1520621081389331835
1520621081439333835
1520621081489366835
1520621081539336835
1520621081589337835
1520621081639496748
1520621081689498748
1520621081739499748
1520621081789501748
1520621081839502748
1520621081889504748
1520621081939505748
1520621081989507748
1520621082039819905
1520621082089821905
1520621082139823905
1520621082189824905
1520621082239826905
1520621082289827905
1520621082339829905
1520621082389830905
1520621082439815800
1520621082489816800
1520621082539817800
1520621082589819800
1520621082639820800
1520621082689822800
1520621082739824800
1520621082789825800
1520621082839603362
1520621082889605362
1520621082939607362
1520621082989608362
1520621083039610362
1520621083089612362
1520621083139706362
1520621083189614362
1520621083239616362
1520621083289469941
1520621083339470941
1520621083389472941
1520621083439473941
1520621083489475941
1520621083539476941
1520621083589478941
1520621083639479941
1520621083689504537
1520621083739506537
1520621083789507537
1520621083839509537
1520621083889510537
1520621083939512537
1520621083989513537
1520621084039515537
1520621084089630239
1520621084139631239
1520621084189633239
1520621084239635239
1520621084289636239
1520621084339638239
1520621084389639239
1520621084439640239
1520621084489676484
1520621084539678484
1520621084589679484
1520621084639681484
1520621084689683484
1520621084739684484
1520621084789685484
1520621084839687484
1520621084889647730
1520621084939648730
1520621084989650730
1520621085039651730
1520621085089653730
1520621085139654730
1520621085189656730
1520621085239658730
1520621085289575098
1520621085339577098
1520621085389578098
1520621085439580098
1520621085489581098
1520621085539583098
1520621085589584098
1520621085639586098
1520621085689588098
1520621085739568344
1520621085789569344
1520621085839571344
1520621085889572344
1520621085939574344
1520621085989576344
1520621086039576344
1520621086089580344
1520621086139737256
1520621086189739256
1520621086239740256
1520621086289744256
1520621086339743256
1520621086389806256
1520621086439746256
1520621086489748256
1520621086539829256
1520621086589831256
1520621086639832256
1520621086689834256
1520621086739835256
1520621086789837256
1520621086839839256
1520621086889840256
1520621086939699169
1520621086989700169
1520621087039702169
1520621087089703169
1520621087139705169
1520621087189707169
1520621087239708169
1520621087289710169
1520621087339533274
1520621087389536274
1520621087439537274
1520621087489538274
1520621087539539274
1520621087589542274
1520621087639543274
1520621087689545274
1520621087739516730
1520621087789517730
1520621087839519730
1520621087889521730
1520621087939522730
1520621087989523730
1520621088039525730
1520621088089527730
1520621088139528730
1520621088189876625
1520621088239877625
1520621088289879625
1520621088339880625
1520621088389882625
1520621088439883625
1520621088489885625
1520621088539887625
1520621088590115853
1520621088640117853
1520621088690118853
1520621088740120853
1520621088790121853
1520621088840123853
1520621088890125853
1520621088940126853
1520621088990221204
1520621089040223204
1520621089090224204
1520621089140226204
1520621089190227204
1520621089240229204
1520621089290233204
1520621089340232204
1520621089390325274
1520621089440327274
1520621089490328274
1520621089540330274
1520621089590332274
1520621089640359274
1520621089690335274
1520621089740336274
1520621089790426625
1520621089840427625
1520621089890429625
1520621089940430625
1520621089990432625
1520621090040433625
1520621090090435625
1520621090140437625
1520621090190438625
1520621090240567642
1520621090290569642
1520621090340570642
1520621090390571642
1520621090440573642
1520621090490575642
1520621090540576642
1520621090590578642
1520621090640675169
1520621090690676169
1520621090740678169
1520621090790680169
1520621090840681169
1520621090890683169
1520621090940684169
1520621090990685169
1520621091040727169
1520621091090731169
1520621091140730169
1520621091190732169
1520621091240733169
1520621091290819169
1520621091340736169
1520621091390738169
1520621091440677344
1520621091490679344
1520621091540680344
1520621091590682344
1520621091640683344
1520621091690685344
1520621091740687344
1520621091790688344
1520621091840449362
1520621091890450362
1520621091940452362
1520621091990454362
1520621092040455362
1520621092090457362
1520621092140458362
1520621092190460362
1520621092240426414
1520621092290428414
1520621092340430414
1520621092390431414
1520621092440433414
1520621092490435414
1520621092540436414
1520621092590437414
1520621092640439414
1520621092690392783
1520621092740393783
1520621092790395783
1520621092840396783
1520621092890399783
1520621092940399783
1520621092990401783
1520621093040402783
1520621093090205414
1520621093140206414
1520621093190208414
1520621093240209414
1520621093290211414
1520621093340213414
1520621093390214414
1520621093440216414
1520621093489917625
1520621093539919625
1520621093589921625
1520621093639922625
1520621093689924625
1520621093739925625
1520621093789927625
1520621093839928625
1520621093890080028
1520621093940082028
1520621093990083028
1520621094040085028
1520621094090087028
1520621094140088028
1520621094190090028
1520621094240091028
1520621094290324537
1520621094340325537
1520621094390326537
1520621094440328537
1520621094490330537
1520621094540379537
1520621094590333537
1520621094640334537
1520621094690336537
1520621094740304555
1520621094790306555
1520621094840307555
1520621094890309555
1520621094940311555
1520621094990312555
1520621095040314555
1520621095090315555
1520621095140283870
1520621095190284870
1520621095240286870
1520621095290288870
1520621095340289870
1520621095390291870
1520621095440292870
1520621095490294870
1520621095540165642
1520621095590167642
1520621095640168642
1520621095690170642
1520621095740171642
1520621095790172642
1520621095840174642
1520621095890176642
1520621095940292800
1520621095990294800
1520621096040295800
1520621096090297800
1520621096140298800
1520621096190300800
1520621096240301800
1520621096290303800
1520621096340355695
1520621096390356695
1520621096440357695
1520621096490359695
1520621096540361695
1520621096590362695
1520621096640364695
1520621096690365695
1520621096740082642
1520621096790083642
1520621096840085642
1520621096890087642
1520621096940088642
1520621096990090642
1520621097040092642
1520621097090093642
1520621097140095642
1520621097189837642
1520621097239838642
1520621097289839642
1520621097339841642
1520621097389842642
1520621097439844642
1520621097489846642
1520621097539847642
1520621097589820590
1520621097639821590
1520621097689823590
1520621097739824590
1520621097789839590
1520621097839827590
1520621097889829590
1520621097939830590
1520621097990205572
1520621098040206572
1520621098090208572
1520621098140210572
1520621098190211572
1520621098240213572
1520621098290214572
1520621098340216572
1520621098390260519
1520621098440262519
1520621098490264519
1520621098540265519
1520621098590267519
1520621098640268519
1520621098690270519
1520621098740272519
1520621098790136905
1520621098840137905
1520621098890138905
1520621098940140905
1520621098990142905
1520621099040143905
1520621099090145905
1520621099140146905
1520621099190029186
1520621099240030186
1520621099290032186
1520621099340033186
1520621099390035186
1520621099440105186
1520621099490038186
1520621099540039186
1520621099590041186
1520621099640374467
1520621099690376467
1520621099740378467
1520621099790379467
1520621099840381467
1520621099890382467
1520621099940384467
1520621099990385467
1520621100040647326
1520621100090649326
1520621100140650326
1520621100190652326
1520621100240653326
1520621100290655326
1520621100340656326
1520621100390659326
1520621100440675765
1520621100490677765
1520621100540678765
1520621100590680765
1520621100640681765
1520621100690682765
1520621100740684765
1520621100790686765
1520621100840571905
1520621100890573905
1520621100940574905
1520621100990576905
1520621101040580905
1520621101090579905
1520621101140580905
1520621101190582905
1520621101240699204
1520621101290701204
1520621101340703204
1520621101390704204
1520621101440706204
1520621101490707204
1520621101540709204
1520621101590710204
1520621101640630449
1520621101690835046
1520621101740836046
1520621101790838046
1520621101840839046
1520621101890841046
1520621101940842046
1520621101990844046
1520621102040846046
1520621102090868309
1520621102140870309
1520621102190871309
1520621102240874309
1520621102290875309
1520621102340876309
1520621102390878309
1520621102440879309
1520621102490861309
1520621102540865309
1520621102590864309
1520621102640865309
1520621102690896309
1520621102740868309
1520621102790870309
1520621102840871309
1520621102890712537
1520621102940714537
1520621102990715537
1520621103040717537
1520621103090718537
1520621103140720537
1520621103190721537
1520621103240723537
1520621103290763853
1520621103340764853
1520621103390766853
1520621103440767853
1520621103490769853
1520621103540770853
1520621103590772853
1520621103640773853
1520621103690672783
1520621103740674783
1520621103790674783
1520621103840676783
1520621103890678783
1520621103940679783
1520621103990681783
1520621104040682783
1520621104090809063
1520621104140584309
1520621104190586309
1520621104240587309
1520621104290589309
1520621104340679309
1520621104390592309
1520621104440594309
1520621104490595309
1520621104540708537
1520621104590709537
1520621104640711537
1520621104690712537
1520621104740714537
1520621104790715537
1520621104840717537
1520621104890719537
1520621104940736537
1520621104990738537
1520621105040740537
1520621105090741537
1520621105140742537
1520621105190744537
1520621105240745537
1520621105290748537
1520621105340434519
1520621105390436519
1520621105440437519
1520621105490439519
1520621105540440519
1520621105590442519
1520621105640444519
1520621105690445519
1520621105740253818
1520621105790255818
1520621105840257818
1520621105890258818
1520621105940260818
1520621105990261818
1520621106040263818
1520621106090264818
1520621106140326116
1520621106190327116
1520621106240329116
1520621106290330116
1520621106340332116
1520621106390333116
1520621106440335116
1520621106490337116
1520621106540338116
1520621106590520397
1520621106640521397
1520621106690523397
1520621106740525397
1520621106790526397
1520621106840527397
1520621106890529397
1520621106940531397
1520621106990667765
1520621107040669765
1520621107090671765
1520621107140673765
1520621107190674765
1520621107240675765
1520621107290677765
1520621107340678765
1520621107390296765
1520621107440298765
1520621107490299765
1520621107540301765
1520621107590352765
1520621107640304765
1520621107690305765
1520621107740307765
1520621107790035081
1520621107840037081
1520621107890038081
1520621107940040081
1520621107990041081
1520621108040043081
1520621108090045081
1520621108140046081
1520621108190178607
1520621108240179607
1520621108290181607
1520621108340182607
1520621108390184607
1520621108440186607
1520621108490187607
1520621108540189607
1520621108590490204
1520621108640491204
1520621108690493204
1520621108740494204
1520621108790496204
1520621108840497204
1520621108890499204
1520621108940500204
1520621108990502204
1520621109040435344
1520621109090437344
1520621109140438344
1520621109190440344
1520621109240442344
1520621109290443344
1520621109340445344
1520621109390446344
1520621109440168344
1520621109490169344
1520621109540171344
1520621109590172344
1520621109640174344
1520621109690176344
1520621109740177344
1520621109790179344
1520621109840029414
1520621109890030414
1520621109940031414
1520621109990033414
1520621110040034414
1520621110090036414
1520621110140038414
1520621110190039414
1520621110240193765
1520621110290195765
1520621110340197765
1520621110390198765
1520621110440200765
1520621110490201765
1520621110540202765
1520621110590204765
1520621110640710835
1520621110690711835
1520621110740713835
1520621110790714835
1520621110840730835
1520621110890717835
1520621110940719835
1520621110990720835
1520621111040722835
1520621111090830362
1520621111140832362
1520621111190833362
1520621111240835362
1520621111290837362
1520621111340838362
1520621111390840362
1520621111440841362
1520621111490745748
1520621111540746748
1520621111590748748
1520621111640749748
1520621111690751748
1520621111740753748
1520621111790755748
1520621111840757748
1520621111890932432
1520621111940933432
1520621111990935432
1520621112040937432
1520621112090938432
1520621112140939432
1520621112190941432
1520621112240943432
1520621112291019028
1520621112341020028
1520621112391022028
1520621112441023028
1520621112491094028
1520621112541027028
1520621112591028028
1520621112641030028
1520621112690935028
1520621112740937028
1520621112790938028
1520621112840940028
1520621112890942028
1520621112940943028
1520621112990945028
1520621113040946028
1520621113090771256
1520621113140772256
1520621113190774256
1520621113240775256
1520621113290777256
1520621113340779256
1520621113390780256
1520621113440783256
1520621113490783256
1520621113540537818
1520621113590539818
1520621113640540818
1520621113690542818
1520621113740544818
1520621113790545818
1520621113840547818
1520621113890548818
1520621113940259098
1520621113990260098
1520621114040261098
1520621114090268098
1520621114140265098
1520621114190266098
1520621114240268098
1520621114290269098
1520621114340093976
1520621114390094976
1520621114440096976
1520621114490098976
1520621114540099976
1520621114590101976
1520621114640102976
1520621114690104976
1520621114739994326
1520621114789996326
1520621114839997326
1520621114889999326
1520621114940001326
1520621114990002326
1520621115040004326
1520621115090006326
1520621115139991046
1520621115189993046
1520621115239994046
1520621115289996046
1520621115339997046
1520621115389999046
1520621115440001046
1520621115490002046
1520621115539916537
1520621115589923537
1520621115639918537
1520621115689920537
1520621115739954537
1520621115789923537
1520621115839925537
1520621115889926537
1520621115939928537
1520621115989899502
1520621116039901502
1520621116089903502
1520621116139904502
1520621116189906502
1520621116239907502
1520621116289909502
1520621116339910502
1520621116389993274
1520621116439995274
1520621116489996274
1520621116539998274
1520621116589999274
1520621116640001274
1520621116690003274
1520621116740004274
1520621116790074976
1520621116840076976
1520621116890077976
1520621116940078976
1520621116990080976
1520621117040082976
1520621117090083976
1520621117140085976
1520621117190092379
1520621117240094379
1520621117290095379
1520621117340097379
1520621117390189379
1520621117440100379
1520621117490101379
1520621117540103379
1520621117589970625
1520621117639972625
1520621117689974625
1520621117739975625
1520621117789977625
1520621117839978625
1520621117889980625
1520621117939981625
1520621117989983625
1520621118039956151
1520621118089957151
1520621118139959151
1520621118189960151
1520621118239962151
1520621118289963151
1520621118339965151
1520621118389967151
1520621118440251730
1520621118490253730
1520621118540255730
1520621118590256730
1520621118640258730
1520621118690259730
1520621118740261730
1520621118790262730
1520621118840323116
1520621118890324116
1520621118940326116
1520621118990328116
1520621119040329116
1520621119090330116
1520621119140332116
1520621119190334116
1520621119240480870
1520621119290482870
1520621119340483870
1520621119390485870
1520621119440486870
1520621119490488870
1520621119540489870
1520621119590491870
1520621119640460169
1520621119690462169
1520621119740464169
1520621119790465169
1520621119840467169
1520621119890468169
1520621119940470169
1520621119990472169
1520621120040349748
1520621120090350748
1520621120140351748
1520621120190353748
1520621120240355748
1520621120290356748
1520621120340358748
1520621120390359748
1520621120440362748
1520621120490386397
1520621120540388397
1520621120590389397
1520621120640445397
1520621120690392397
1520621120740394397
1520621120790395397
1520621120840397397
1520621120890401572
1520621120940402572
1520621120990404572
1520621121040405572
1520621121090407572
1520621121140408572
1520621121190410572
1520621121240411572
1520621121290242484
1520621121340244484
1520621121390245484
1520621121440247484
1520621121490248484
1520621121540250484
1520621121590251484
1520621121640254484
1520621121690246221
1520621121740248221
1520621121790249221
1520621121840251221
1520621121890252221
1520621121940254221
1520621121990255221
1520621122040256221
1520621122090253309
1520621122140255309
1520621122190256309
1520621122240258309
1520621122290259309
1520621122340261309
1520621122390262309
1520621122440264309
1520621122490259572
1520621122540368502
1520621122590370502
1520621122640371502
1520621122690373502
1520621122740374502
1520621122790376502
1520621122840377502
1520621122890379502
1520621122940451467
1520621122990452467
1520621123040454467
1520621123090455467
1520621123140457467
1520621123190458467
1520621123240460467
1520621123290462467
1520621123340284590
1520621123390286590
1520621123440288590
1520621123490289590
1520621123540291590
1520621123590292590
1520621123640293590
1520621123690295590
1520621123740136958
1520621123790137958
1520621123840139958
1520621123890158958
1520621123940142958
1520621123990143958
1520621124040145958
1520621124090147958
1520621124140230642
1520621124190232642
1520621124240233642
1520621124290235642
1520621124340236642
1520621124390238642
1520621124440239642
1520621124490241642
1520621124540667712
1520621124590668712
1520621124640670712
1520621124690671712
1520621124740673712
1520621124790674712
1520621124840676712
1520621124890678712
1520621124940679712
1520621124991211537
1520621125041213537
1520621125091215537
1520621125141216537
1520621125191217537
1520621125241218537
1520621125291221537
1520621125341222537
1520621125391388660
1520621125441390660
1520621125491391660
1520621125541469660
1520621125591394660
1520621125641396660
1520621125691398660
1520621125741399660
1520621125790462993
1520621125840463993
1520621125890465993
1520621125940466993
1520621125990468993
1520621126040469993
1520621126090471993
1520621126140473993
1520621126190263555
1520621126240265555
1520621126290266555
1520621126340268555
1520621126390269555
1520621126440271555
1520621126490273555
1520621126540275555
1520621126590629467
1520621126640631467
1520621126690632467
1520621126740634467
1520621126790636467
1520621126840636467
1520621126890639467
1520621126940640467
1520621126990578239
1520621127040580239
1520621127090582239
1520621127140583239
1520621127190584239
1520621127240586239
1520621127290588239
1520621127340589239
1520621127390591239
1520621127440554414
1520621127490556414
1520621127540557414
1520621127590559414
1520621127640560414
1520621127690562414
1520621127740564414
1520621127790565414
1520621127840449660
1520621127890450660
1520621127940452660
1520621127990453660
1520621128040455660
1520621128090457660
1520621128140459660
1520621128190461660
1520621128240460204
1520621128290461204
1520621128340463204
1520621128390465204
1520621128440470204
1520621128490468204
1520621128540469204
1520621128590470204
1520621128640331783
1520621128690332783
1520621128740334783
1520621128790374783
1520621128840337783
1520621128890339783
1520621128940340783
1520621128990342783
1520621129040372274
1520621129090374274
1520621129140375274
1520621129190377274
1520621129240378274
1520621129290380274
1520621129340382274
1520621129390383274
1520621129440368642
1520621129490369642
1520621129540371642
1520621129590372642
1520621129640374642
1520621129690376642
1520621129740377642
1520621129790379642
1520621129840381642
1520621129890258502
1520621129940260502
1520621129990261502
1520621130040263502
1520621130090264502
1520621130140266502
1520621130190267502
1520621130240273502
1520621130290208607
1520621130340210607
1520621130390211607
1520621130440309607
1520621130490215607
1520621130540216607
1520621130590218607
1520621130640219607
1520621130690275853
1520621130740276853
1520621130790278853
1520621130840279853
1520621130890281853
1520621130940283853
1520621130990284853
1520621131040286853
1520621131090432905
1520621131140434905
1520621131190435905
1520621131240437905
1520621131290439905
1520621131340440905
1520621131390442905
1520621131440444905
1520621131490500011
1520621131540502011
1520621131590504011
1520621131640505011
1520621131690506011
1520621131740508011
1520621131790509011
1520621131840511011
1520621131890551467
1520621131940552467
1520621131990554467
1520621132040557467
1520621132090557467
1520621132140558467
1520621132190560467
1520621132240561467
1520621132290563467
1520621132340638853
1520621132390640853
1520621132440641853
1520621132490643853
1520621132540645853
1520621132590646853
1520621132640648853
1520621132690649853
1520621132740911291
1520621132790912291
1520621132840914291
1520621132890916291
1520621132940917291
1520621132990919291
1520621133040921291
1520621133090922291
1520621133140915590
1520621133190916590
1520621133240918590
1520621133290920590
1520621133340921590
1520621133390923590
1520621133440924590
1520621133490926590
1520621133540787660
1520621133590788660
1520621133640790660
1520621133690854660
1520621133740793660
1520621133790795660
1520621133840796660
1520621133890798660
1520621133940678046
1520621133990680046
1520621134040681046
1520621134090683046
1520621134140685046
1520621134190686046
1520621134240688046
1520621134290690046
1520621134340691046
1520621134390593098
1520621134440595098
1520621134490597098
1520621134540598098
1520621134590600098
1520621134640602098
1520621134690603098
1520621134740605098
1520621134790547800
1520621134840548800
1520621134890550800
1520621134940551800
1520621134990552800
1520621135040554800
1520621135090556800
1520621135140557800
1520621135190468274
1520621135240470274
1520621135290473274
1520621135340473274
1520621135390475274
1520621135440476274
1520621135490478274
1520621135540479274
1520621135590461063
1520621135640462063
1520621135690464063
1520621135740466063
1520621135790467063
1520621135840469063
1520621135890470063
1520621135940472063
1520621135990498695
1520621136040499695
1520621136090501695
1520621136140502695
1520621136190504695
1520621136240505695
1520621136290507695
1520621136340509695
1520621136390686976
1520621136440688976
1520621136490690976
1520621136540691976
1520621136590694976
1520621136640694976
1520621136690695976
1520621136740697976
1520621136790699976
1520621136840917958
1520621136890919958
1520621136940943958
1520621136990922958
1520621137040923958
1520621137090925958
1520621137140926958
1520621137190928958
1520621137240910169
1520621137290912169
1520621137340914169
1520621137390915169
1520621137440917169
1520621137490918169
1520621137540920169
1520621137590921169
1520621137640709695
1520621137690711695
1520621137740712695
1520621137790714695
1520621137840715695
1520621137890717695
1520621137940719695
1520621137990721695
1520621138040749783
1520621138090751783
1520621138140753783
1520621138190754783
1520621138240755783
1520621138290757783
1520621138340758783
1520621138390760783
1520621138440825923
1520621138490827923
1520621138540828923
1520621138590911923
1520621138640831923
1520621138690833923
1520621138740834923
1520621138790836923
1520621138840837923
1520621138890830028
1520621138940832028
1520621138990833028
1520621139040835028
1520621139090836028
1520621139140838028
1520621139190839028
1520621139240841028
1520621139290846326
1520621139340847326
1520621139390849326
1520621139440850326
1520621139490852326
1520621139540854326
1520621139590856326
1520621139640857326
1520621139690862467
1520621139740864467
1520621139790866467
1520621139840867467
1520621139890868467
1520621139940870467
1520621139990871467
1520621140040873467
1520621140090857081
1520621140140858081
1520621140190860081
1520621140240861081
1520621140290863081
1520621140340864081
1520621140390866081
1520621140440867081
1520621140490869642
1520621140540871642
1520621140590872642
1520621140640874642
1520621140690875642
1520621140740877642
1520621140790878642
1520621140840880642
1520621140890900467
1520621140940901467
1520621140990903467
1520621141040904467
1520621141090906467
1520621141140907467
1520621141190909467
1520621141240911467
1520621141290913467
1520621141340879256
1520621141390880256
1520621141440882256
1520621141490882256
1520621141540884256
1520621141590886256
1520621141640887256
1520621141690889256
1520621141740883449
1520621141790885449
1520621141840931449
1520621141890888449
1520621141940889449
1520621141990891449
1520621142040892449
1520621142090894449
1520621142140875607
1520621142190876607
1520621142240878607
1520621142290879607
1520621142340881607
1520621142390882607
1520621142440884607
1520621142490886607
1520621142540863888
1520621142590865888
1520621142640866888
1520621142690868888
1520621142740869888
1520621142790872888
1520621142840873888
1520621142890874888
1520621142940870712
1520621142990871712
1520621143040873712
1520621143090875712
1520621143140876712
1520621143190877712
1520621143240879712
1520621143290881712
1520621143340898081
1520621143390900081
1520621143440901081
1520621143490903081
1520621143540904081
1520621143590906081
1520621143640908081
1520621143690909081
1520621143740911081
1520621143790930888
1520621143840932888
1520621143890933888
1520621143940935888
1520621143990936888
1520621144040938888
1520621144090940888
1520621144140941888
1520621144190926625
1520621144240927625
1520621144290929625
1520621144340930625
1520621144390932625
1520621144440934625
1520621144490935625
1520621144540937625
1520621144590939326
1520621144640941326
1520621144690943326
1520621144740944326
1520621144790946326
1520621144840947326
1520621144890949326
1520621144940950326
1520621144990975625
1520621145040976625
1520621145090993625
1520621145140979625
1520621145190981625
1520621145240982625
1520621145290984625
1520621145340986625
1520621145390969379
1520621145440971379
1520621145490972379
1520621145540974379
1520621145590975379
1520621145640977379
1520621145690979379
1520621145740980379
1520621145790982379
1520621145840996572
1520621145890998572
1520621145940999572
1520621145991001572
1520621146041002572
1520621146091004572
1520621146141006572
1520621146191008572
1520621146241011958
1520621146291013958
1520621146341014958
