1403638127245096960
1403638127295097088
1403638127345096960
1403638127395097088
1403638127445096960
1403638127495097088
1403638127545096960
1403638127595097088
1403638127645096960
1403638127695097088
1403638127745096960
1403638127795097088
1403638127845096960
1403638127895097088
1403638127945096960
1403638127995097088
1403638128045096960
1403638128095097088
1403638128145096960
1403638128195097088
1403638128245096960
1403638128295097088
1403638128345096960
1403638128395097088
1403638128445096960
1403638128495097088
1403638128545096960
1403638128595097088
1403638128645096960
1403638128695097088
1403638128745096960
1403638128795097088
1403638128845096960
1403638128895097088
1403638128945096960
1403638128995097088
1403638129045096960
1403638129095097088
1403638129145096960
1403638129195097088
1403638129245096960
1403638129295097088
1403638129345096960
1403638129395097088
1403638129445096960
1403638129495097088
1403638129545096960
1403638129595097088
1403638129645096960
1403638129695097088
1403638129745096960
1403638129795097088
1403638129845096960
1403638129895097088
1403638129945096960
1403638129995097088
1403638130045096960
1403638130095097088
1403638130145096960
1403638130195097088
1403638130245096960
1403638130295097088
1403638130345096960
1403638130395097088
1403638130445096960
1403638130495097088
1403638130545096960
1403638130595097088
1403638130645096960
1403638130695097088
1403638130745096960
1403638130795097088
1403638130845096960
1403638130895097088
1403638130945096960
1403638130995097088
1403638131045096960
1403638131095097088
1403638131145096960
1403638131195097088
1403638131245096960
1403638131295097088
1403638131345096960
1403638131395097088
1403638131445096960
1403638131495097088
1403638131545096960
1403638131595097088
1403638131645096960
1403638131695097088
1403638131745096960
1403638131795097088
1403638131845096960
1403638131895097088
1403638131945096960
1403638131995097088
1403638132045096960
1403638132095097088
1403638132145096960
1403638132195097088
1403638132245096960
1403638132295097088
1403638132345096960
1403638132395097088
1403638132445096960
1403638132495097088
1403638132545096960
1403638132595097088
1403638132645096960
1403638132695097088
1403638132745096960
1403638132795097088
1403638132845096960
1403638132895097088
1403638132945096960
1403638132995097088
1403638133045096960
1403638133095097088
1403638133145096960
1403638133195097088
1403638133245096960
1403638133295097088
1403638133345096960
1403638133395097088
1403638133445096960
1403638133495097088
1403638133545096960
1403638133595097088
1403638133645096960
1403638133695097088
1403638133745096960
1403638133795097088
1403638133845096960
1403638133895097088
1403638133945096960
1403638133995097088
1403638134045096960
1403638134095097088
1403638134145096960
1403638134195097088
1403638134245096960
1403638134295097088
1403638134345096960
1403638134395097088
1403638134445096960
1403638134495097088
1403638134545096960
1403638134595097088
1403638134645096960
1403638134695097088
1403638134745096960
1403638134795097088
1403638134845096960
1403638134895097088
1403638134945096960
1403638134995097088
1403638135045096960
1403638135095097088
1403638135145096960
1403638135195097088
1403638135245096960
1403638135295097088
1403638135345096960
1403638135395097088
1403638135445096960
1403638135495097088
1403638135545096960
1403638135595097088
1403638135645096960
1403638135695097088
1403638135745096960
1403638135795097088
1403638135845096960
1403638135895097088
1403638135945096960
1403638135995097088
1403638136045096960
1403638136095097088
1403638136145096960
1403638136195097088
1403638136245096960
1403638136295097088
1403638136345096960
1403638136395097088
1403638136445096960
1403638136495097088
1403638136545096960
1403638136595097088
1403638136645096960
1403638136695097088
1403638136745096960
1403638136795097088
1403638136845096960
1403638136895097088
1403638136945096960
1403638136995097088
1403638137045096960
1403638137095097088
1403638137145096960
1403638137195097088
1403638137245096960
1403638137295097088
1403638137345096960
1403638137395097088
1403638137445096960
1403638137495097088
1403638137545096960
1403638137595097088
1403638137645096960
1403638137695097088
1403638137745096960
1403638137795097088
1403638137845096960
1403638137895097088
1403638137945096960
1403638137995097088
1403638138045096960
1403638138095097088
1403638138145096960
1403638138195097088
1403638138245096960
1403638138295097088
1403638138345096960
1403638138395097088
1403638138445096960
1403638138495097088
1403638138545096960
1403638138595097088
1403638138645096960
1403638138695097088
1403638138745096960
1403638138795097088
1403638138845096960
1403638138895097088
1403638138945096960
1403638138995097088
1403638139045096960
1403638139095097088
1403638139145096960
1403638139195097088
1403638139245096960
1403638139295097088
1403638139345096960
1403638139395097088
1403638139445096960
1403638139495097088
1403638139545096960
1403638139595097088
1403638139645096960
1403638139695097088
1403638139745096960
1403638139795097088
1403638139845096960
1403638139895097088
1403638139945096960
1403638139995097088
1403638140045096960
1403638140095097088
1403638140145096960
1403638140195097088
1403638140245096960
1403638140295097088
1403638140345096960
1403638140395097088
1403638140445096960
1403638140495097088
1403638140545096960
1403638140595097088
1403638140645096960
1403638140695097088
1403638140745096960
1403638140795097088
1403638140845096960
1403638140895097088
1403638140945096960
1403638140995097088
1403638141045096960
1403638141095097088
1403638141145096960
1403638141195097088
1403638141245096960
1403638141295097088
1403638141345096960
1403638141395097088
1403638141445096960
1403638141495097088
1403638141545096960
1403638141595097088
1403638141645096960
1403638141695097088
1403638141745096960
1403638141795097088
1403638141845096960
1403638141895097088
1403638141945096960
1403638141995097088
1403638142045096960
1403638142095097088
1403638142145096960
1403638142195097088
1403638142245096960
1403638142295097088
1403638142345096960
1403638142395097088
1403638142445096960
1403638142495097088
1403638142545096960
1403638142595097088
1403638142645096960
1403638142695097088
1403638142745096960
1403638142795097088
1403638142845096960
1403638142895097088
1403638142945096960
1403638142995097088
1403638143045096960
1403638143095097088
1403638143145096960
1403638143195097088
1403638143245096960
1403638143295097088
1403638143345096960
1403638143395097088
1403638143445096960
1403638143495097088
1403638143545096960
1403638143595097088
1403638143645096960
1403638143695097088
1403638143745096960
1403638143795097088
1403638143845096960
1403638143895097088
1403638143945096960
1403638143995097088
1403638144045096960
1403638144095097088
1403638144145096960
1403638144195097088
1403638144245096960
1403638144295097088
1403638144345096960
1403638144395097088
1403638144445096960
1403638144495097088
1403638144545096960
1403638144595097088
1403638144645096960
1403638144695097088
1403638144745096960
1403638144795097088
1403638144845096960
1403638144895097088
1403638144945096960
1403638144995097088
1403638145045096960
1403638145095097088
1403638145145096960
1403638145195097088
1403638145245096960
1403638145295097088
1403638145345096960
1403638145395097088
1403638145445096960
1403638145495097088
1403638145545096960
1403638145595097088
1403638145645096960
1403638145695097088
1403638145745096960
1403638145795097088
1403638145845096960
1403638145895097088
1403638145945096960
1403638145995097088
1403638146045096960
1403638146095097088
1403638146145096960
1403638146195097088
1403638146245096960
1403638146295097088
1403638146345096960
1403638146395097088
1403638146445096960
1403638146495097088
1403638146545096960
1403638146595097088
1403638146645096960
1403638146695097088
1403638146745096960
1403638146795097088
1403638146845096960
1403638146895097088
1403638146945096960
1403638146995097088
1403638147045096960
1403638147095097088
1403638147145096960
1403638147195097088
1403638147245096960
1403638147295097088
1403638147345096960
1403638147395097088
1403638147445096960
1403638147495097088
1403638147545096960
1403638147595097088
1403638147645096960
1403638147695097088
1403638147745096960
1403638147795097088
1403638147845096960
1403638147895097088
1403638147945096960
1403638147995097088
1403638148045096960
1403638148095097088
1403638148145096960
1403638148195097088
1403638148245096960
1403638148295097088
1403638148345096960
1403638148395097088
1403638148445096960
1403638148495097088
1403638148545096960
1403638148595097088
1403638148645096960
1403638148695097088
1403638148745096960
1403638148795097088
1403638148845096960
1403638148895097088
1403638148945096960
1403638148995097088
1403638149045096960
1403638149095097088
1403638149145096960
1403638149195097088
1403638149245096960
1403638149295097088
1403638149345096960
1403638149395097088
1403638149445096960
1403638149495097088
1403638149545096960
1403638149595097088
1403638149645096960
1403638149695097088
1403638149745096960
1403638149795097088
1403638149845096960
1403638149895097088
1403638149945096960
1403638149995097088
1403638150045096960
1403638150095097088
1403638150145096960
1403638150195097088
1403638150245096960
1403638150295097088
1403638150345096960
1403638150395097088
1403638150445096960
1403638150495097088
1403638150545096960
1403638150595097088
1403638150645096960
1403638150695097088
1403638150745096960
1403638150795097088
1403638150845096960
1403638150895097088
1403638150945096960
1403638150995097088
1403638151045096960
1403638151095097088
1403638151145096960
1403638151195097088
1403638151245096960
1403638151295097088
1403638151345096960
1403638151395097088
1403638151445096960
1403638151495097088
1403638151545096960
1403638151595097088
1403638151645096960
1403638151695097088
1403638151745096960
1403638151795097088
1403638151845096960
1403638151895097088
1403638151945096960
1403638151995097088
1403638152045096960
1403638152095097088
1403638152145096960
1403638152195097088
1403638152245096960
1403638152295097088
1403638152345096960
1403638152395097088
1403638152445096960
1403638152495097088
1403638152545096960
1403638152595097088
1403638152645096960
1403638152695097088
1403638152745096960
1403638152795097088
1403638152845096960
1403638152895097088
1403638152945096960
1403638152995097088
1403638153045096960
1403638153095097088
1403638153145096960
1403638153195097088
1403638153245096960
1403638153295097088
1403638153345096960
1403638153395097088
1403638153445096960
1403638153495097088
1403638153545096960
1403638153595097088
1403638153645096960
1403638153695097088
1403638153745096960
1403638153795097088
1403638153845096960
1403638153895097088
1403638153945096960
1403638153995097088
1403638154045096960
1403638154095097088
1403638154145096960
1403638154195097088
1403638154245096960
1403638154295097088
1403638154345096960
1403638154395097088
1403638154445096960
1403638154495097088
1403638154545096960
1403638154595097088
1403638154645096960
1403638154695097088
1403638154745096960
1403638154795097088
1403638154845096960
1403638154895097088
1403638154945096960
1403638154995097088
1403638155045096960
1403638155095097088
1403638155145096960
1403638155195097088
1403638155245096960
1403638155295097088
1403638155345096960
1403638155395097088
1403638155445096960
1403638155495097088
1403638155545096960
1403638155595097088
1403638155645096960
1403638155695097088
1403638155745096960
1403638155795097088
1403638155845096960
1403638155895097088
1403638155945096960
1403638155995097088
1403638156045096960
1403638156095097088
1403638156145096960
1403638156195097088
1403638156245096960
1403638156295097088
1403638156345096960
1403638156395097088
1403638156445096960
1403638156495097088
1403638156545096960
1403638156595097088
1403638156645096960
1403638156695097088
1403638156745096960
1403638156795097088
1403638156845096960
1403638156895097088
1403638156945096960
1403638156995097088
1403638157045096960
1403638157095097088
1403638157145096960
1403638157195097088
1403638157245096960
1403638157295097088
1403638157345096960
1403638157395097088
1403638157445096960
1403638157495097088
1403638157545096960
1403638157595097088
1403638157645096960
1403638157695097088
1403638157745096960
1403638157795097088
1403638157845096960
1403638157895097088
1403638157945096960
1403638157995097088
1403638158045096960
1403638158095097088
1403638158145096960
1403638158195097088
1403638158245096960
1403638158295097088
1403638158345096960
1403638158395097088
1403638158445096960
1403638158495097088
1403638158545096960
1403638158595097088
1403638158645096960
1403638158695097088
1403638158745096960
1403638158795097088
1403638158845096960
1403638158895097088
1403638158945096960
1403638158995097088
1403638159045096960
1403638159095097088
1403638159145096960
1403638159195097088
1403638159245096960
1403638159295097088
1403638159345096960
1403638159395097088
1403638159445096960
1403638159495097088
1403638159545096960
1403638159595097088
1403638159645096960
1403638159695097088
1403638159745096960
1403638159795097088
1403638159845096960
1403638159895097088
1403638159945096960
1403638159995097088
1403638160045096960
1403638160095097088
1403638160145096960
1403638160195097088
1403638160245096960
1403638160295097088
1403638160345096960
1403638160395097088
1403638160445096960
1403638160495097088
1403638160545096960
1403638160595097088
1403638160645096960
1403638160695097088
1403638160745096960
1403638160795097088
1403638160845096960
1403638160895097088
1403638160945096960
1403638160995097088
1403638161045096960
1403638161095097088
1403638161145096960
1403638161195097088
1403638161245096960
1403638161295097088
1403638161345096960
1403638161395097088
1403638161445096960
1403638161495097088
1403638161545096960
1403638161595097088
1403638161645096960
1403638161695097088
1403638161745096960
1403638161795097088
1403638161845096960
1403638161895097088
1403638161945096960
1403638161995097088
1403638162045096960
1403638162095097088
1403638162145096960
1403638162195097088
1403638162245096960
1403638162295097088
1403638162345096960
1403638162395097088
1403638162445096960
1403638162495097088
1403638162545096960
1403638162595097088
1403638162645096960
1403638162695097088
1403638162745096960
1403638162795097088
1403638162845096960
1403638162895097088
1403638162945096960
1403638162995097088
1403638163045096960
1403638163095097088
1403638163145096960
1403638163195097088
1403638163245096960
1403638163295097088
1403638163345096960
1403638163395097088
1403638163445096960
1403638163495097088
1403638163545096960
1403638163595097088
1403638163645096960
1403638163695097088
1403638163745096960
1403638163795097088
1403638163845096960
1403638163895097088
1403638163945096960
1403638163995097088
1403638164045096960
1403638164095097088
1403638164145096960
1403638164195097088
1403638164245096960
1403638164295097088
1403638164345096960
1403638164395097088
1403638164445096960
1403638164495097088
1403638164545096960
1403638164595097088
1403638164645096960
1403638164695097088
1403638164745096960
1403638164795097088
1403638164845096960
1403638164895097088
1403638164945096960
1403638164995097088
1403638165045096960
1403638165095097088
1403638165145096960
1403638165195097088
1403638165245096960
1403638165295097088
1403638165345096960
1403638165395097088
1403638165445096960
1403638165495097088
1403638165545096960
1403638165595097088
1403638165645096960
1403638165695097088
1403638165745096960
1403638165795097088
1403638165845096960
1403638165895097088
1403638165945096960
1403638165995097088
1403638166045096960
1403638166095097088
1403638166145096960
1403638166195097088
1403638166245096960
1403638166295097088
1403638166345096960
1403638166395097088
1403638166445096960
1403638166495097088
1403638166545096960
1403638166595097088
1403638166645096960
1403638166695097088
1403638166745096960
1403638166795097088
1403638166845096960
1403638166895097088
1403638166945096960
1403638166995097088
1403638167045096960
1403638167095097088
1403638167145096960
1403638167195097088
1403638167245096960
1403638167295097088
1403638167345096960
1403638167395097088
1403638167445096960
1403638167495097088
1403638167545096960
1403638167595097088
1403638167645096960
1403638167695097088
1403638167745096960
1403638167795097088
1403638167845096960
1403638167895097088
1403638167945096960
1403638167995097088
1403638168045096960
1403638168095097088
1403638168145096960
1403638168195097088
1403638168245096960
1403638168295097088
1403638168345096960
1403638168395097088
1403638168445096960
1403638168495097088
1403638168545096960
1403638168595097088
1403638168645096960
1403638168695097088
1403638168745096960
1403638168795097088
1403638168845096960
1403638168895097088
1403638168945096960
1403638168995097088
1403638169045096960
1403638169095097088
1403638169145096960
1403638169195097088
1403638169245096960
1403638169295097088
1403638169345096960
1403638169395097088
1403638169445096960
1403638169495097088
1403638169545096960
1403638169595097088
1403638169645096960
1403638169695097088
1403638169745096960
1403638169795097088
1403638169845096960
1403638169895097088
1403638169945096960
1403638169995097088
1403638170045096960
1403638170095097088
1403638170145096960
1403638170195097088
1403638170245096960
1403638170295097088
1403638170345096960
1403638170395097088
1403638170445096960
1403638170495097088
1403638170545096960
1403638170595097088
1403638170645096960
1403638170695097088
1403638170745096960
1403638170795097088
1403638170845096960
1403638170895097088
1403638170945096960
1403638170995097088
1403638171045096960
1403638171095097088
1403638171145096960
1403638171195097088
1403638171245096960
1403638171295097088
1403638171345096960
1403638171395097088
1403638171445096960
1403638171495097088
1403638171545096960
1403638171595097088
1403638171645096960
1403638171695097088
1403638171745096960
1403638171795097088
1403638171845096960
1403638171895097088
1403638171945096960
1403638171995097088
1403638172045096960
1403638172095097088
1403638172145096960
1403638172195097088
1403638172245096960
1403638172295097088
1403638172345096960
1403638172395097088
1403638172445096960
1403638172495097088
1403638172545096960
1403638172595097088
1403638172645096960
1403638172695097088
1403638172745096960
1403638172795097088
1403638172845096960
1403638172895097088
1403638172945096960
1403638172995097088
1403638173045096960
1403638173095097088
1403638173145096960
1403638173195097088
1403638173245096960
1403638173295097088
1403638173345096960
1403638173395097088
1403638173445096960
1403638173495097088
1403638173545096960
1403638173595097088
1403638173645096960
1403638173695097088
1403638173745096960
1403638173795097088
1403638173845096960
1403638173895097088
1403638173945096960
1403638173995097088
1403638174045096960
1403638174095097088
1403638174145096960
1403638174195097088
1403638174245096960
1403638174295097088
1403638174345096960
1403638174395097088
1403638174445096960
1403638174495097088
1403638174545096960
1403638174595097088
1403638174645096960
1403638174695097088
1403638174745096960
1403638174795097088
1403638174845096960
1403638174895097088
1403638174945096960
1403638174995097088
1403638175045096960
1403638175095097088
1403638175145096960
1403638175195097088
1403638175245096960
1403638175295097088
1403638175345096960
1403638175395097088
1403638175445096960
1403638175495097088
1403638175545096960
1403638175595097088
1403638175645096960
1403638175695097088
1403638175745096960
1403638175795097088
1403638175845096960
1403638175895097088
1403638175945096960
1403638175995097088
1403638176045096960
1403638176095097088
1403638176145096960
1403638176195097088
1403638176245096960
1403638176295097088
1403638176345096960
1403638176395097088
1403638176445096960
1403638176495097088
1403638176545096960
1403638176595097088
1403638176645096960
1403638176695097088
1403638176745096960
1403638176795097088
1403638176845096960
1403638176895097088
1403638176945096960
1403638176995097088
1403638177045096960
1403638177095097088
1403638177145096960
1403638177195097088
1403638177245096960
1403638177295097088
1403638177345096960
1403638177395097088
1403638177445096960
1403638177495097088
1403638177545096960
1403638177595097088
1403638177645096960
1403638177695097088
1403638177745096960
1403638177795097088
1403638177845096960
1403638177895097088
1403638177945096960
1403638177995097088
1403638178045096960
1403638178095097088
1403638178145096960
1403638178195097088
1403638178245096960
1403638178295097088
1403638178345096960
1403638178395097088
1403638178445096960
1403638178495097088
1403638178545096960
1403638178595097088
1403638178645096960
1403638178695097088
1403638178745096960
1403638178795097088
1403638178845096960
1403638178895097088
1403638178945096960
1403638178995097088
1403638179045096960
1403638179095097088
1403638179145096960
1403638179195097088
1403638179245096960
1403638179295097088
1403638179345096960
1403638179395097088
1403638179445096960
1403638179495097088
1403638179545096960
1403638179595097088
1403638179645096960
1403638179695097088
1403638179745096960
1403638179795097088
1403638179845096960
1403638179895097088
1403638179945096960
1403638179995097088
1403638180045096960
1403638180095097088
1403638180145096960
1403638180195097088
1403638180245096960
1403638180295097088
1403638180345096960
1403638180395097088
1403638180445096960
1403638180495097088
1403638180545096960
1403638180595097088
1403638180645096960
1403638180695097088
1403638180745096960
1403638180795097088
1403638180845096960
1403638180895097088
1403638180945096960
1403638180995097088
1403638181045096960
1403638181095097088
1403638181145096960
1403638181195097088
1403638181245096960
1403638181295097088
1403638181345096960
1403638181395097088
1403638181445096960
1403638181495097088
1403638181545096960
1403638181595097088
1403638181645096960
1403638181695097088
1403638181745096960
1403638181795097088
1403638181845096960
1403638181895097088
1403638181945096960
1403638181995097088
1403638182045096960
1403638182095097088
1403638182145096960
1403638182195097088
1403638182245096960
1403638182295097088
1403638182345096960
1403638182395097088
1403638182445096960
1403638182495097088
1403638182545096960
1403638182595097088
1403638182645096960
1403638182695097088
1403638182745096960
1403638182795097088
1403638182845096960
1403638182895097088
1403638182945096960
1403638182995097088
1403638183045096960
1403638183095097088
1403638183145096960
1403638183195097088
1403638183245096960
1403638183295097088
1403638183345096960
1403638183395097088
1403638183445096960
1403638183495097088
1403638183545096960
1403638183595097088
1403638183645096960
1403638183695097088
1403638183745096960
1403638183795097088
1403638183845096960
1403638183895097088
1403638183945096960
1403638183995097088
1403638184045096960
1403638184095097088
1403638184145096960
1403638184195097088
1403638184245096960
1403638184295097088
1403638184345096960
1403638184395097088
1403638184445096960
1403638184495097088
1403638184545096960
1403638184595097088
1403638184645096960
1403638184695097088
1403638184745096960
1403638184795097088
1403638184845096960
1403638184895097088
1403638184945096960
1403638184995097088
1403638185045096960
1403638185095097088
1403638185145096960
1403638185195097088
1403638185245096960
1403638185295097088
1403638185345096960
1403638185395097088
1403638185445096960
1403638185495097088
1403638185545096960
1403638185595097088
1403638185645096960
1403638185695097088
1403638185745096960
1403638185795097088
1403638185845096960
1403638185895097088
1403638185945096960
1403638185995097088
1403638186045096960
1403638186095097088
1403638186145096960
1403638186195097088
1403638186245096960
1403638186295097088
1403638186345096960
1403638186395097088
1403638186445096960
1403638186495097088
1403638186545096960
1403638186595097088
1403638186645096960
1403638186695097088
1403638186745096960
1403638186795097088
1403638186845096960
1403638186895097088
1403638186945096960
1403638186995097088
1403638187045096960
1403638187095097088
1403638187145096960
1403638187195097088
1403638187245096960
1403638187295097088
1403638187345096960
1403638187395097088
1403638187445096960
1403638187495097088
1403638187545096960
1403638187595097088
1403638187645096960
1403638187695097088
1403638187745096960
1403638187795097088
1403638187845096960
1403638187895097088
1403638187945096960
1403638187995097088
1403638188045096960
1403638188095097088
1403638188145096960
1403638188195097088
1403638188245096960
1403638188295097088
1403638188345096960
1403638188395097088
1403638188445096960
1403638188495097088
1403638188545096960
1403638188595097088
1403638188645096960
1403638188695097088
1403638188745096960
1403638188795097088
1403638188845096960
1403638188895097088
1403638188945096960
1403638188995097088
1403638189045096960
1403638189095097088
1403638189145096960
1403638189195097088
1403638189245096960
1403638189295097088
1403638189345096960
1403638189395097088
1403638189445096960
1403638189495097088
1403638189545096960
1403638189595097088
1403638189645096960
1403638189695097088
1403638189745096960
1403638189795097088
1403638189845096960
1403638189895097088
1403638189945096960
1403638189995097088
1403638190045096960
1403638190095097088
1403638190145096960
1403638190195097088
1403638190245096960
1403638190295097088
1403638190345096960
1403638190395097088
1403638190445096960
1403638190495097088
1403638190545096960
1403638190595097088
1403638190645096960
1403638190695097088
1403638190745096960
1403638190795097088
1403638190845096960
1403638190895097088
1403638190945096960
1403638190995097088
1403638191045096960
1403638191095097088
1403638191145096960
1403638191195097088
1403638191245096960
1403638191295097088
1403638191345096960
1403638191395097088
1403638191445096960
1403638191495097088
1403638191545096960
1403638191595097088
1403638191645096960
1403638191695097088
1403638191745096960
1403638191795097088
1403638191845096960
1403638191895097088
1403638191945096960
1403638191995097088
1403638192045096960
1403638192095097088
1403638192145096960
1403638192195097088
1403638192245096960
1403638192295097088
1403638192345096960
1403638192395097088
1403638192445096960
1403638192495097088
1403638192545096960
1403638192595097088
1403638192645096960
1403638192695097088
1403638192745096960
1403638192795097088
1403638192845096960
1403638192895097088
1403638192945096960
1403638192995097088
1403638193045096960
1403638193095097088
1403638193145096960
1403638193195097088
1403638193245096960
1403638193295097088
1403638193345096960
1403638193395097088
1403638193445096960
1403638193495097088
1403638193545096960
1403638193595097088
1403638193645096960
1403638193695097088
1403638193745096960
1403638193795097088
1403638193845096960
1403638193895097088
1403638193945096960
1403638193995097088
1403638194045096960
1403638194095097088
1403638194145096960
1403638194195097088
1403638194245096960
1403638194295097088
1403638194345096960
1403638194395097088
1403638194445096960
1403638194495097088
1403638194545096960
1403638194595097088
1403638194645096960
1403638194695097088
1403638194745096960
1403638194795097088
1403638194845096960
1403638194895097088
1403638194945096960
1403638194995097088
1403638195045096960
1403638195095097088
1403638195145096960
1403638195195097088
1403638195245096960
1403638195295097088
1403638195345096960
1403638195395097088
1403638195445096960
1403638195495097088
1403638195545096960
1403638195595097088
1403638195645096960
1403638195695097088
1403638195745096960
1403638195795097088
1403638195845096960
1403638195895097088
1403638195945096960
1403638195995097088
1403638196045096960
1403638196095097088
1403638196145096960
1403638196195097088
1403638196245096960
1403638196295097088
1403638196345096960
1403638196395097088
1403638196445096960
1403638196495097088
1403638196545096960
1403638196595097088
1403638196645096960
1403638196695097088
1403638196745096960
1403638196795097088
1403638196845096960
1403638196895097088
1403638196945096960
1403638196995097088
1403638197045096960
1403638197095097088
1403638197145096960
1403638197195097088
1403638197245096960
1403638197295097088
1403638197345096960
1403638197395097088
1403638197445096960
1403638197495097088
1403638197545096960
1403638197595097088
1403638197645096960
1403638197695097088
1403638197745096960
1403638197795097088
1403638197845096960
1403638197895097088
1403638197945096960
1403638197995097088
1403638198045096960
1403638198095097088
1403638198145096960
1403638198195097088
1403638198245096960
1403638198295097088
1403638198345096960
1403638198395097088
1403638198445096960
1403638198495097088
1403638198545096960
1403638198595097088
1403638198645096960
1403638198695097088
1403638198745096960
1403638198795097088
1403638198845096960
1403638198895097088
1403638198945096960
1403638198995097088
1403638199045096960
1403638199095097088
1403638199145096960
1403638199195097088
1403638199245096960
1403638199295097088
1403638199345096960
1403638199395097088
1403638199445096960
1403638199495097088
1403638199545096960
1403638199595097088
1403638199645096960
1403638199695097088
1403638199745096960
1403638199795097088
1403638199845096960
1403638199895097088
1403638199945096960
1403638199995097088
1403638200045096960
1403638200095097088
1403638200145096960
1403638200195097088
1403638200245096960
1403638200295097088
1403638200345096960
1403638200395097088
1403638200445096960
1403638200495097088
1403638200545096960
1403638200595097088
1403638200645096960
1403638200695097088
1403638200745096960
1403638200795097088
1403638200845096960
1403638200895097088
1403638200945096960
1403638200995097088
1403638201045096960
1403638201095097088
1403638201145096960
1403638201195097088
1403638201245096960
1403638201295097088
1403638201345096960
1403638201395097088
1403638201445096960
1403638201495097088
1403638201545096960
1403638201595097088
1403638201645096960
1403638201695097088
1403638201745096960
1403638201795097088
1403638201845096960
1403638201895097088
1403638201945096960
1403638201995097088
1403638202045096960
1403638202095097088
1403638202145096960
1403638202195097088
1403638202245096960
1403638202295097088
1403638202345096960
1403638202395097088
1403638202445096960
1403638202495097088
1403638202545096960
1403638202595097088
1403638202645096960
1403638202695097088
1403638202745096960
1403638202795097088
1403638202845096960
1403638202895097088
1403638202945096960
1403638202995097088
1403638203045096960
1403638203095097088
1403638203145096960
1403638203195097088
1403638203245096960
1403638203295097088
1403638203345096960
1403638203395097088
1403638203445096960
1403638203495097088
1403638203545096960
1403638203595097088
1403638203645096960
1403638203695097088
1403638203745096960
1403638203795097088
1403638203845096960
1403638203895097088
1403638203945096960
1403638203995097088
1403638204045096960
1403638204095097088
1403638204145096960
1403638204195097088
1403638204245096960
1403638204295097088
1403638204345096960
1403638204395097088
1403638204445096960
1403638204495097088
1403638204545096960
1403638204595097088
1403638204645096960
1403638204695097088
1403638204745096960
1403638204795097088
1403638204845096960
1403638204895097088
1403638204945096960
1403638204995097088
1403638205045096960
1403638205095097088
1403638205145096960
1403638205195097088
1403638205245096960
1403638205295097088
1403638205345096960
1403638205395097088
1403638205445096960
1403638205495097088
1403638205545096960
1403638205595097088
1403638205645096960
1403638205695097088
1403638205745096960
1403638205795097088
1403638205845096960
1403638205895097088
1403638205945096960
1403638205995097088
1403638206045096960
1403638206095097088
1403638206145096960
1403638206195097088
1403638206245096960
1403638206295097088
1403638206345096960
1403638206395097088
1403638206445096960
1403638206495097088
1403638206545096960
1403638206595097088
1403638206645096960
1403638206695097088
1403638206745096960
1403638206795097088
1403638206845096960
1403638206895097088
1403638206945096960
1403638206995097088
1403638207045096960
1403638207095097088
1403638207145096960
1403638207195097088
1403638207245096960
1403638207295097088
1403638207345096960
1403638207395097088
1403638207445096960
1403638207495097088
1403638207545096960
1403638207595097088
1403638207645096960
1403638207695097088
1403638207745096960
1403638207795097088
1403638207845096960
1403638207895097088
1403638207945096960
1403638207995097088
1403638208045096960
1403638208095097088
1403638208145096960
1403638208195097088
1403638208245096960
1403638208295097088
1403638208345096960
1403638208395097088
1403638208445096960
1403638208495097088
1403638208545096960
1403638208595097088
1403638208645096960
1403638208695097088
1403638208745096960
1403638208795097088
1403638208845096960
1403638208895097088
1403638208945096960
1403638208995097088
1403638209045096960
1403638209095097088
1403638209145096960
1403638209195097088
1403638209245096960
1403638209295097088
1403638209345096960
1403638209395097088
1403638209445096960
1403638209495097088
1403638209545096960
1403638209595097088
1403638209645096960
1403638209695097088
1403638209745096960
1403638209795097088
1403638209845096960
1403638209895097088
1403638209945096960
1403638209995097088
1403638210045096960
1403638210095097088
1403638210145096960
1403638210195097088
1403638210245096960
1403638210295097088
1403638210345096960
1403638210395097088
1403638210445096960
1403638210495097088
1403638210545096960
1403638210595097088
1403638210645096960
1403638210695097088
1403638210745096960
1403638210795097088
1403638210845096960
1403638210895097088
1403638210945096960
1403638210995097088
1403638211045096960
1403638211095097088
1403638211145096960
1403638211195097088
1403638211245096960
1403638211295097088
1403638211345096960
1403638211395097088
1403638211445096960
1403638211495097088
1403638211545096960
1403638211595097088
1403638211645096960
1403638211695097088
1403638211745096960
1403638211795097088
1403638211845096960
1403638211895097088
1403638211945096960
1403638211995097088
1403638212045096960
1403638212095097088
1403638212145096960
1403638212195097088
1403638212245096960
1403638212295097088
1403638212345096960
1403638212395097088
1403638212445096960
1403638212495097088
1403638212545096960
1403638212595097088
1403638212645096960
1403638212695097088
1403638212745096960
1403638212795097088
1403638212845096960
1403638212895097088
1403638212945096960
1403638212995097088
1403638213045096960
1403638213095097088
1403638213145096960
1403638213195097088
1403638213245096960
1403638213295097088
1403638213345096960
1403638213395097088
1403638213445096960
1403638213495097088
1403638213545096960
1403638213595097088
1403638213645096960
1403638213695097088
1403638213745096960
1403638213795097088
1403638213845096960
1403638213895097088
1403638213945096960
1403638213995097088
1403638214045096960
1403638214095097088
1403638214145096960
1403638214195097088
1403638214245096960
1403638214295097088
1403638214345096960
1403638214395097088
1403638214445096960
1403638214495097088
1403638214545096960
1403638214595097088
1403638214645096960
1403638214695097088
1403638214745096960
1403638214795097088
1403638214845096960
1403638214895097088
1403638214945096960
1403638214995097088
1403638215045096960
1403638215095097088
1403638215145096960
1403638215195097088
1403638215245096960
1403638215295097088
1403638215345096960
1403638215395097088
1403638215445096960
1403638215495097088
1403638215545096960
1403638215595097088
1403638215645096960
1403638215695097088
1403638215745096960
1403638215795097088
1403638215845096960
1403638215895097088
1403638215945096960
1403638215995097088
1403638216045096960
1403638216095097088
1403638216145096960
1403638216195097088
1403638216245096960
1403638216295097088
1403638216345096960
1403638216395097088
1403638216445096960
1403638216495097088
1403638216545096960
1403638216595097088
1403638216645096960
1403638216695097088
1403638216745096960
1403638216795097088
1403638216845096960
1403638216895097088
1403638216945096960
1403638216995097088
1403638217045096960
1403638217095097088
1403638217145096960
1403638217195097088
1403638217245096960
1403638217295097088
1403638217345096960
1403638217395097088
1403638217445096960
1403638217495097088
1403638217545096960
1403638217595097088
1403638217645096960
1403638217695097088
1403638217745096960
1403638217795097088
1403638217845096960
1403638217895097088
1403638217945096960
1403638217995097088
1403638218045096960
1403638218095097088
1403638218145096960
1403638218195097088
1403638218245096960
1403638218295097088
1403638218345096960
1403638218395097088
1403638218445096960
1403638218495097088
1403638218545096960
1403638218595097088
1403638218645096960
1403638218695097088
1403638218745096960
1403638218795097088
1403638218845096960
1403638218895097088
1403638218945096960
1403638218995097088
1403638219045096960
1403638219095097088
1403638219145096960
1403638219195097088
1403638219245096960
1403638219295097088
1403638219345096960
1403638219395097088
1403638219445096960
1403638219495097088
1403638219545096960
1403638219595097088
1403638219645096960
1403638219695097088
1403638219745096960
1403638219795097088
1403638219845096960
1403638219895097088
1403638219945096960
1403638219995097088
1403638220045096960
1403638220095097088
1403638220145096960
1403638220195097088
1403638220245096960
1403638220295097088
1403638220345096960
1403638220395097088
1403638220445096960
1403638220495097088
1403638220545096960
1403638220595097088
1403638220645096960
1403638220695097088
1403638220745096960
1403638220795097088
1403638220845096960
1403638220895097088
1403638220945096960
1403638220995097088
1403638221045096960
1403638221095097088
1403638221145096960
1403638221195097088
1403638221245096960
1403638221295097088
1403638221345096960
1403638221395097088
1403638221445096960
1403638221495097088
1403638221545096960
1403638221595097088
1403638221645096960
1403638221695097088
1403638221745096960
1403638221795097088
1403638221845096960
1403638221895097088
1403638221945096960
1403638221995097088
1403638222045096960
1403638222095097088
1403638222145096960
1403638222195097088
1403638222245096960
1403638222295097088
1403638222345096960
1403638222395097088
1403638222445096960
1403638222495097088
1403638222545096960
1403638222595097088
1403638222645096960
1403638222695097088
1403638222745096960
1403638222795097088
1403638222845096960
1403638222895097088
1403638222945096960
1403638222995097088
1403638223045096960
1403638223095097088
1403638223145096960
1403638223195097088
1403638223245096960
1403638223295097088
1403638223345096960
1403638223395097088
1403638223445096960
1403638223495097088
1403638223545096960
1403638223595097088
1403638223645096960
1403638223695097088
1403638223745096960
1403638223795097088
1403638223845096960
1403638223895097088
1403638223945096960
1403638223995097088
1403638224045096960
1403638224095097088
1403638224145096960
1403638224195097088
1403638224245096960
1403638224295097088
1403638224345096960
1403638224395097088
1403638224445096960
1403638224495097088
1403638224545096960
1403638224595097088
1403638224645096960
1403638224695097088
1403638224745096960
1403638224795097088
1403638224845096960
1403638224895097088
1403638224945096960
1403638224995097088
1403638225045096960
1403638225095097088
1403638225145096960
1403638225195097088
1403638225245096960
1403638225295097088
1403638225345096960
1403638225395097088
1403638225445096960
1403638225495097088
1403638225545096960
1403638225595097088
1403638225645096960
1403638225695097088
1403638225745096960
1403638225795097088
1403638225845096960
1403638225895097088
1403638225945096960
1403638225995097088
1403638226045096960
1403638226095097088
1403638226145096960
1403638226195097088
1403638226245096960
1403638226295097088
1403638226345096960
1403638226395097088
1403638226445096960
1403638226495097088
1403638226545096960
1403638226595097088
1403638226645096960
1403638226695097088
1403638226745096960
1403638226795097088
1403638226845096960
1403638226895097088
1403638226945096960
1403638226995097088
1403638227045096960
1403638227095097088
1403638227145096960
1403638227195097088
1403638227245096960
1403638227295097088
1403638227345096960
1403638227395097088
1403638227445096960
1403638227495097088
1403638227545096960
1403638227595097088
1403638227645096960
1403638227695097088
1403638227745096960
1403638227795097088
1403638227845096960
1403638227895097088
1403638227945096960
1403638227995097088
1403638228045096960
1403638228095097088
1403638228145096960
1403638228195097088
1403638228245096960
1403638228295097088
1403638228345096960
1403638228395097088
1403638228445096960
1403638228495097088
1403638228545096960
1403638228595097088
1403638228645096960
1403638228695097088
1403638228745096960
1403638228795097088
1403638228845096960
