1403637130538319104
1403637130588318976
1403637130638319104
1403637130688318976
1403637130738319104
1403637130788318976
1403637130838319104
1403637130888318976
1403637130938319104
1403637130988318976
1403637131038319104
1403637131088318976
1403637131138319104
1403637131188318976
1403637131238319104
1403637131288318976
1403637131338319104
1403637131388318976
1403637131438319104
1403637131488318976
1403637131538319104
1403637131588318976
1403637131638319104
1403637131688318976
1403637131738319104
1403637131788318976
1403637131838319104
1403637131888318976
1403637131938319104
1403637131988318976
1403637132038319104
1403637132088318976
1403637132138319104
1403637132188318976
1403637132238319104
1403637132288318976
1403637132338319104
1403637132388318976
1403637132438319104
1403637132488318976
1403637132538319104
1403637132588318976
1403637132638319104
1403637132688318976
1403637132738319104
1403637132788318976
1403637132838319104
1403637132888318976
1403637132938319104
1403637132988318976
1403637133038319104
1403637133088318976
1403637133138319104
1403637133188318976
1403637133238319104
1403637133288318976
1403637133338319104
1403637133388318976
1403637133438319104
1403637133488318976
1403637133538319104
1403637133588318976
1403637133638319104
1403637133688318976
1403637133738319104
1403637133788318976
1403637133838319104
1403637133888318976
1403637133938319104
1403637133988318976
1403637134038319104
1403637134088318976
1403637134138319104
1403637134188318976
1403637134238319104
1403637134288318976
1403637134338319104
1403637134388318976
1403637134438319104
1403637134488318976
1403637134538319104
1403637134588318976
1403637134638319104
1403637134688318976
1403637134738319104
1403637134788318976
1403637134838319104
1403637134888318976
1403637134938319104
1403637134988318976
1403637135038319104
1403637135088318976
1403637135138319104
1403637135188318976
1403637135238319104
1403637135288318976
1403637135338319104
1403637135388318976
1403637135438319104
1403637135488318976
1403637135538319104
1403637135588318976
1403637135638319104
1403637135688318976
1403637135738319104
1403637135788318976
1403637135838319104
1403637135888318976
1403637135938319104
1403637135988318976
1403637136038319104
1403637136088318976
1403637136138319104
1403637136188318976
1403637136238319104
1403637136288318976
1403637136338319104
1403637136388318976
1403637136438319104
1403637136488318976
1403637136538319104
1403637136588318976
1403637136638319104
1403637136688318976
1403637136738319104
1403637136788318976
1403637136838319104
1403637136888318976
1403637136938319104
1403637136988318976
1403637137038319104
1403637137088318976
1403637137138319104
1403637137188318976
1403637137238319104
1403637137288318976
1403637137338319104
1403637137388318976
1403637137438319104
1403637137488318976
1403637137538319104
1403637137588318976
1403637137638319104
1403637137688318976
1403637137738319104
1403637137788318976
1403637137838319104
1403637137888318976
1403637137938319104
1403637137988318976
1403637138038319104
1403637138088318976
1403637138138319104
1403637138188318976
1403637138238319104
1403637138288318976
1403637138338319104
1403637138388318976
1403637138438319104
1403637138488318976
1403637138538319104
1403637138588318976
1403637138638319104
1403637138688318976
1403637138738319104
1403637138788318976
1403637138838319104
1403637138888318976
1403637138938319104
1403637138988318976
1403637139038319104
1403637139088318976
1403637139138319104
1403637139188318976
1403637139238319104
1403637139288318976
1403637139338319104
1403637139388318976
1403637139438319104
1403637139488318976
1403637139538319104
1403637139588318976
1403637139638319104
1403637139688318976
1403637139738319104
1403637139788318976
1403637139838319104
1403637139888318976
1403637139938319104
1403637139988318976
1403637140038319104
1403637140088318976
1403637140138319104
1403637140188318976
1403637140238319104
1403637140288318976
1403637140338319104
1403637140388318976
1403637140438319104
1403637140488318976
1403637140538319104
1403637140588318976
1403637140638319104
1403637140688318976
1403637140738319104
1403637140788318976
1403637140838319104
1403637140888318976
1403637140938319104
1403637140988318976
1403637141038319104
1403637141088318976
1403637141138319104
1403637141188318976
1403637141238319104
1403637141288318976
1403637141338319104
1403637141388318976
1403637141438319104
1403637141488318976
1403637141538319104
1403637141588318976
1403637141638319104
1403637141688318976
1403637141738319104
1403637141788318976
1403637141838319104
1403637141888318976
1403637141938319104
1403637141988318976
1403637142038319104
1403637142088318976
1403637142138319104
1403637142188318976
1403637142238319104
1403637142288318976
1403637142338319104
1403637142388318976
1403637142438319104
1403637142488318976
1403637142538319104
1403637142588318976
1403637142638319104
1403637142688318976
1403637142738319104
1403637142788318976
1403637142838319104
1403637142888318976
1403637142938319104
1403637142988318976
1403637143038319104
1403637143088318976
1403637143138319104
1403637143188318976
1403637143238319104
1403637143288318976
1403637143338319104
1403637143388318976
1403637143438319104
1403637143488318976
1403637143538319104
1403637143588318976
1403637143638319104
1403637143688318976
1403637143738319104
1403637143788318976
1403637143838319104
1403637143888318976
1403637143938319104
1403637143988318976
1403637144038319104
1403637144088318976
1403637144138319104
1403637144188318976
1403637144238319104
1403637144288318976
1403637144338319104
1403637144388318976
1403637144438319104
1403637144488318976
1403637144538319104
1403637144588318976
1403637144638319104
1403637144688318976
1403637144738319104
1403637144788318976
1403637144838319104
1403637144888318976
1403637144938319104
1403637144988318976
1403637145038319104
1403637145088318976
1403637145138319104
1403637145188318976
1403637145238319104
1403637145288318976
1403637145338319104
1403637145388318976
1403637145438319104
1403637145488318976
1403637145538319104
1403637145588318976
1403637145638319104
1403637145688318976
1403637145738319104
1403637145788318976
1403637145838319104
1403637145888318976
1403637145938319104
1403637145988318976
1403637146038319104
1403637146088318976
1403637146138319104
1403637146188318976
1403637146238319104
1403637146288318976
1403637146338319104
1403637146388318976
1403637146438319104
1403637146488318976
1403637146538319104
1403637146588318976
1403637146638319104
1403637146688318976
1403637146738319104
1403637146788318976
1403637146838319104
1403637146888318976
1403637146938319104
1403637146988318976
1403637147038319104
1403637147088318976
1403637147138319104
1403637147188318976
1403637147238319104
1403637147288318976
1403637147338319104
1403637147388318976
1403637147438319104
1403637147488318976
1403637147538319104
1403637147588318976
1403637147638319104
1403637147688318976
1403637147738319104
1403637147788318976
1403637147838319104
1403637147888318976
1403637147938319104
1403637147988318976
1403637148038319104
1403637148088318976
1403637148138319104
1403637148188318976
1403637148238319104
1403637148288318976
1403637148338319104
1403637148388318976
1403637148438319104
1403637148488318976
1403637148538319104
1403637148588318976
1403637148638319104
1403637148688318976
1403637148738319104
1403637148788318976
1403637148838319104
1403637148888318976
1403637148938319104
1403637148988318976
1403637149038319104
1403637149088318976
1403637149138319104
1403637149188318976
1403637149238319104
1403637149288318976
1403637149338319104
1403637149388318976
1403637149438319104
1403637149488318976
1403637149538319104
1403637149588318976
1403637149638319104
1403637149688318976
1403637149738319104
1403637149788318976
1403637149838319104
1403637149888318976
1403637149938319104
1403637149988318976
1403637150038319104
1403637150088318976
1403637150138319104
1403637150188318976
1403637150238319104
1403637150288318976
1403637150338319104
1403637150388318976
1403637150438319104
1403637150488318976
1403637150538319104
1403637150588318976
1403637150638319104
1403637150688318976
1403637150738319104
1403637150788318976
1403637150838319104
1403637150888318976
1403637150938319104
1403637150988318976
1403637151038319104
1403637151088318976
1403637151138319104
1403637151188318976
1403637151238319104
1403637151288318976
1403637151338319104
1403637151388318976
1403637151438319104
1403637151488318976
1403637151538319104
1403637151588318976
1403637151638319104
1403637151688318976
1403637151738319104
1403637151788318976
1403637151838319104
1403637151888318976
1403637151938319104
1403637151988318976
1403637152038319104
1403637152088318976
1403637152138319104
1403637152188318976
1403637152238319104
1403637152288318976
1403637152338319104
1403637152388318976
1403637152438319104
1403637152488318976
1403637152538319104
1403637152588318976
1403637152638319104
1403637152688318976
1403637152738319104
1403637152788318976
1403637152838319104
1403637152888318976
1403637152938319104
1403637152988318976
1403637153038319104
1403637153088318976
1403637153138319104
1403637153188318976
1403637153238319104
1403637153288318976
1403637153338319104
1403637153388318976
1403637153438319104
1403637153488318976
1403637153538319104
1403637153588318976
1403637153638319104
1403637153688318976
1403637153738319104
1403637153788318976
1403637153838319104
1403637153888318976
1403637153938319104
1403637153988318976
1403637154038319104
1403637154088318976
1403637154138319104
1403637154188318976
1403637154238319104
1403637154288318976
1403637154338319104
1403637154388318976
1403637154438319104
1403637154488318976
1403637154538319104
1403637154588318976
1403637154638319104
1403637154688318976
1403637154738319104
1403637154788318976
1403637154838319104
1403637154888318976
1403637154938319104
1403637154988318976
1403637155038319104
1403637155088318976
1403637155138319104
1403637155188318976
1403637155238319104
1403637155288318976
1403637155338319104
1403637155388318976
1403637155438319104
1403637155488318976
1403637155538319104
1403637155588318976
1403637155638319104
1403637155688318976
1403637155738319104
1403637155788318976
1403637155838319104
1403637155888318976
1403637155938319104
1403637155988318976
1403637156038319104
1403637156088318976
1403637156138319104
1403637156188318976
1403637156238319104
1403637156288318976
1403637156338319104
1403637156388318976
1403637156438319104
1403637156488318976
1403637156538319104
1403637156588318976
1403637156638319104
1403637156688318976
1403637156738319104
1403637156788318976
1403637156838319104
1403637156888318976
1403637156938319104
1403637156988318976
1403637157038319104
1403637157088318976
1403637157138319104
1403637157188318976
1403637157238319104
1403637157288318976
1403637157338319104
1403637157388318976
1403637157438319104
1403637157488318976
1403637157538319104
1403637157588318976
1403637157638319104
1403637157688318976
1403637157738319104
1403637157788318976
1403637157838319104
1403637157888318976
1403637157938319104
1403637157988318976
1403637158038319104
1403637158088318976
1403637158138319104
1403637158188318976
1403637158238319104
1403637158288318976
1403637158338319104
1403637158388318976
1403637158438319104
1403637158488318976
1403637158538319104
1403637158588318976
1403637158638319104
1403637158688318976
1403637158738319104
1403637158788318976
1403637158838319104
1403637158888318976
1403637158938319104
1403637158988318976
1403637159038319104
1403637159088318976
1403637159138319104
1403637159188318976
1403637159238319104
1403637159288318976
1403637159338319104
1403637159388318976
1403637159438319104
1403637159488318976
1403637159538319104
1403637159588318976
1403637159638319104
1403637159688318976
1403637159738319104
1403637159788318976
1403637159838319104
1403637159888318976
1403637159938319104
1403637159988318976
1403637160038319104
1403637160088318976
1403637160138319104
1403637160188318976
1403637160238319104
1403637160288318976
1403637160338319104
1403637160388318976
1403637160438319104
1403637160488318976
1403637160538319104
1403637160588318976
1403637160638319104
1403637160688318976
1403637160738319104
1403637160788318976
1403637160838319104
1403637160888318976
1403637160938319104
1403637160988318976
1403637161038319104
1403637161088318976
1403637161138319104
1403637161188318976
1403637161238319104
1403637161288318976
1403637161338319104
1403637161388318976
1403637161438319104
1403637161488318976
1403637161538319104
1403637161588318976
1403637161638319104
1403637161688318976
1403637161738319104
1403637161788318976
1403637161838319104
1403637161888318976
1403637161938319104
1403637161988318976
1403637162038319104
1403637162088318976
1403637162138319104
1403637162188318976
1403637162238319104
1403637162288318976
1403637162338319104
1403637162388318976
1403637162438319104
1403637162488318976
1403637162538319104
1403637162588318976
1403637162638319104
1403637162688318976
1403637162738319104
1403637162788318976
1403637162838319104
1403637162888318976
1403637162938319104
1403637162988318976
1403637163038319104
1403637163088318976
1403637163138319104
1403637163188318976
1403637163238319104
1403637163288318976
1403637163338319104
1403637163388318976
1403637163438319104
1403637163488318976
1403637163538319104
1403637163588318976
1403637163638319104
1403637163688318976
1403637163738319104
1403637163788318976
1403637163838319104
1403637163888318976
1403637163938319104
1403637163988318976
1403637164038319104
1403637164088318976
1403637164138319104
1403637164188318976
1403637164238319104
1403637164288318976
1403637164338319104
1403637164388318976
1403637164438319104
1403637164488318976
1403637164538319104
1403637164588318976
1403637164638319104
1403637164688318976
1403637164738319104
1403637164788318976
1403637164838319104
1403637164888318976
1403637164938319104
1403637164988318976
1403637165038319104
1403637165088318976
1403637165138319104
1403637165188318976
1403637165238319104
1403637165288318976
1403637165338319104
1403637165388318976
1403637165438319104
1403637165488318976
1403637165538319104
1403637165588318976
1403637165638319104
1403637165688318976
1403637165738319104
1403637165788318976
1403637165838319104
1403637165888318976
1403637165938319104
1403637165988318976
1403637166038319104
1403637166088318976
1403637166138319104
1403637166188318976
1403637166238319104
1403637166288318976
1403637166338319104
1403637166388318976
1403637166438319104
1403637166488318976
1403637166538319104
1403637166588318976
1403637166638319104
1403637166688318976
1403637166738319104
1403637166788318976
1403637166838319104
1403637166888318976
1403637166938319104
1403637166988318976
1403637167038319104
1403637167088318976
1403637167138319104
1403637167188318976
1403637167238319104
1403637167288318976
1403637167338319104
1403637167388318976
1403637167438319104
1403637167488318976
1403637167538319104
1403637167588318976
1403637167638319104
1403637167688318976
1403637167738319104
1403637167788318976
1403637167838319104
1403637167888318976
1403637167938319104
1403637167988318976
1403637168038319104
1403637168088318976
1403637168138319104
1403637168188318976
1403637168238319104
1403637168288318976
1403637168338319104
1403637168388318976
1403637168438319104
1403637168488318976
1403637168538319104
1403637168588318976
1403637168638319104
1403637168688318976
1403637168738319104
1403637168788318976
1403637168838319104
1403637168888318976
1403637168938319104
1403637168988318976
1403637169038319104
1403637169088318976
1403637169138319104
1403637169188318976
1403637169238319104
1403637169288318976
1403637169338319104
1403637169388318976
1403637169438319104
1403637169488318976
1403637169538319104
1403637169588318976
1403637169638319104
1403637169688318976
1403637169738319104
1403637169788318976
1403637169838319104
1403637169888318976
1403637169938319104
1403637169988318976
1403637170038319104
1403637170088318976
1403637170138319104
1403637170188318976
1403637170238319104
1403637170288318976
1403637170338319104
1403637170388318976
1403637170438319104
1403637170488318976
1403637170538319104
1403637170588318976
1403637170638319104
1403637170688318976
1403637170738319104
1403637170788318976
1403637170838319104
1403637170888318976
1403637170938319104
1403637170988318976
1403637171038319104
1403637171088318976
1403637171138319104
1403637171188318976
1403637171238319104
1403637171288318976
1403637171338319104
1403637171388318976
1403637171438319104
1403637171488318976
1403637171538319104
1403637171588318976
1403637171638319104
1403637171688318976
1403637171738319104
1403637171788318976
1403637171838319104
1403637171888318976
1403637171938319104
1403637171988318976
1403637172038319104
1403637172088318976
1403637172138319104
1403637172188318976
1403637172238319104
1403637172288318976
1403637172338319104
1403637172388318976
1403637172438319104
1403637172488318976
1403637172538319104
1403637172588318976
1403637172638319104
1403637172688318976
1403637172738319104
1403637172788318976
1403637172838319104
1403637172888318976
1403637172938319104
1403637172988318976
1403637173038319104
1403637173088318976
1403637173138319104
1403637173188318976
1403637173238319104
1403637173288318976
1403637173338319104
1403637173388318976
1403637173438319104
1403637173488318976
1403637173538319104
1403637173588318976
1403637173638319104
1403637173688318976
1403637173738319104
1403637173788318976
1403637173838319104
1403637173888318976
1403637173938319104
1403637173988318976
1403637174038319104
1403637174088318976
1403637174138319104
1403637174188318976
1403637174238319104
1403637174288318976
1403637174338319104
1403637174388318976
1403637174438319104
1403637174488318976
1403637174538319104
1403637174588318976
1403637174638319104
1403637174688318976
1403637174738319104
1403637174788318976
1403637174838319104
1403637174888318976
1403637174938319104
1403637174988318976
1403637175038319104
1403637175088318976
1403637175138319104
1403637175188318976
1403637175238319104
1403637175288318976
1403637175338319104
1403637175388318976
1403637175438319104
1403637175488318976
1403637175538319104
1403637175588318976
1403637175638319104
1403637175688318976
1403637175738319104
1403637175788318976
1403637175838319104
1403637175888318976
1403637175938319104
1403637175988318976
1403637176038319104
1403637176088318976
1403637176138319104
1403637176188318976
1403637176238319104
1403637176288318976
1403637176338319104
1403637176388318976
1403637176438319104
1403637176488318976
1403637176538319104
1403637176588318976
1403637176638319104
1403637176688318976
1403637176738319104
1403637176788318976
1403637176838319104
1403637176888318976
1403637176938319104
1403637176988318976
1403637177038319104
1403637177088318976
1403637177138319104
1403637177188318976
1403637177238319104
1403637177288318976
1403637177338319104
1403637177388318976
1403637177438319104
1403637177488318976
1403637177538319104
1403637177588318976
1403637177638319104
1403637177688318976
1403637177738319104
1403637177788318976
1403637177838319104
1403637177888318976
1403637177938319104
1403637177988318976
1403637178038319104
1403637178088318976
1403637178138319104
1403637178188318976
1403637178238319104
1403637178288318976
1403637178338319104
1403637178388318976
1403637178438319104
1403637178488318976
1403637178538319104
1403637178588318976
1403637178638319104
1403637178688318976
1403637178738319104
1403637178788318976
1403637178838319104
1403637178888318976
1403637178938319104
1403637178988318976
1403637179038319104
1403637179088318976
1403637179138319104
1403637179188318976
1403637179238319104
1403637179288318976
1403637179338319104
1403637179388318976
1403637179438319104
1403637179488318976
1403637179538319104
1403637179588318976
1403637179638319104
1403637179688318976
1403637179738319104
1403637179788318976
1403637179838319104
1403637179888318976
1403637179938319104
1403637179988318976
1403637180038319104
1403637180088318976
1403637180138319104
1403637180188318976
1403637180238319104
1403637180288318976
1403637180338319104
1403637180388318976
1403637180438319104
1403637180488318976
1403637180538319104
1403637180588318976
1403637180638319104
1403637180688318976
1403637180738319104
1403637180788318976
1403637180838319104
1403637180888318976
1403637180938319104
1403637180988318976
1403637181038319104
1403637181088318976
1403637181138319104
1403637181188318976
1403637181238319104
1403637181288318976
1403637181338319104
1403637181388318976
1403637181438319104
1403637181488318976
1403637181538319104
1403637181588318976
1403637181638319104
1403637181688318976
1403637181738319104
1403637181788318976
1403637181838319104
1403637181888318976
1403637181938319104
1403637181988318976
1403637182038319104
1403637182088318976
1403637182138319104
1403637182188318976
1403637182238319104
1403637182288318976
1403637182338319104
1403637182388318976
1403637182438319104
1403637182488318976
1403637182538319104
1403637182588318976
1403637182638319104
1403637182688318976
1403637182738319104
1403637182788318976
1403637182838319104
1403637182888318976
1403637182938319104
1403637182988318976
1403637183038319104
1403637183088318976
1403637183138319104
1403637183188318976
1403637183238319104
1403637183288318976
1403637183338319104
1403637183388318976
1403637183438319104
1403637183488318976
1403637183538319104
1403637183588318976
1403637183638319104
1403637183688318976
1403637183738319104
1403637183788318976
1403637183838319104
1403637183888318976
1403637183938319104
1403637183988318976
1403637184038319104
1403637184088318976
1403637184138319104
1403637184188318976
1403637184238319104
1403637184288318976
1403637184338319104
1403637184388318976
1403637184438319104
1403637184488318976
1403637184538319104
1403637184588318976
1403637184638319104
1403637184688318976
1403637184738319104
1403637184788318976
1403637184838319104
1403637184888318976
1403637184938319104
1403637184988318976
1403637185038319104
1403637185088318976
1403637185138319104
1403637185188318976
1403637185238319104
1403637185288318976
1403637185338319104
1403637185388318976
1403637185438319104
1403637185488318976
1403637185538319104
1403637185588318976
1403637185638319104
1403637185688318976
1403637185738319104
1403637185788318976
1403637185838319104
1403637185888318976
1403637185938319104
1403637185988318976
1403637186038319104
1403637186088318976
1403637186138319104
1403637186188318976
1403637186238319104
1403637186288318976
1403637186338319104
1403637186388318976
1403637186438319104
1403637186488318976
1403637186538319104
1403637186588318976
1403637186638319104
1403637186688318976
1403637186738319104
1403637186788318976
1403637186838319104
1403637186888318976
1403637186938319104
1403637186988318976
1403637187038319104
1403637187088318976
1403637187138319104
1403637187188318976
1403637187238319104
1403637187288318976
1403637187338319104
1403637187388318976
1403637187438319104
1403637187488318976
1403637187538319104
1403637187588318976
1403637187638319104
1403637187688318976
1403637187738319104
1403637187788318976
1403637187838319104
1403637187888318976
1403637187938319104
1403637187988318976
1403637188038319104
1403637188088318976
1403637188138319104
1403637188188318976
1403637188238319104
1403637188288318976
1403637188338319104
1403637188388318976
1403637188438319104
1403637188488318976
1403637188538319104
1403637188588318976
1403637188638319104
1403637188688318976
1403637188738319104
1403637188788318976
1403637188838319104
1403637188888318976
1403637188938319104
1403637188988318976
1403637189038319104
1403637189088318976
1403637189138319104
1403637189188318976
1403637189238319104
1403637189288318976
1403637189338319104
1403637189388318976
1403637189438319104
1403637189488318976
1403637189538319104
1403637189588318976
1403637189638319104
1403637189688318976
1403637189738319104
1403637189788318976
1403637189838319104
1403637189888318976
1403637189938319104
1403637189988318976
1403637190038319104
1403637190088318976
1403637190138319104
1403637190188318976
1403637190238319104
1403637190288318976
1403637190338319104
1403637190388318976
1403637190438319104
1403637190488318976
1403637190538319104
1403637190588318976
1403637190638319104
1403637190688318976
1403637190738319104
1403637190788318976
1403637190838319104
1403637190888318976
1403637190938319104
1403637190988318976
1403637191038319104
1403637191088318976
1403637191138319104
1403637191188318976
1403637191238319104
1403637191288318976
1403637191338319104
1403637191388318976
1403637191438319104
1403637191488318976
1403637191538319104
1403637191588318976
1403637191638319104
1403637191688318976
1403637191738319104
1403637191788318976
1403637191838319104
1403637191888318976
1403637191938319104
1403637191988318976
1403637192038319104
1403637192088318976
1403637192138319104
1403637192188318976
1403637192238319104
1403637192288318976
1403637192338319104
1403637192388318976
1403637192438319104
1403637192488318976
1403637192538319104
1403637192588318976
1403637192638319104
1403637192688318976
1403637192738319104
1403637192788318976
1403637192838319104
1403637192888318976
1403637192938319104
1403637192988318976
1403637193038319104
1403637193088318976
1403637193138319104
1403637193188318976
1403637193238319104
1403637193288318976
1403637193338319104
1403637193388318976
1403637193438319104
1403637193488318976
1403637193538319104
1403637193588318976
1403637193638319104
1403637193688318976
1403637193738319104
1403637193788318976
1403637193838319104
1403637193888318976
1403637193938319104
1403637193988318976
1403637194038319104
1403637194088318976
1403637194138319104
1403637194188318976
1403637194238319104
1403637194288318976
1403637194338319104
1403637194388318976
1403637194438319104
1403637194488318976
1403637194538319104
1403637194588318976
1403637194638319104
1403637194688318976
1403637194738319104
1403637194788318976
1403637194838319104
1403637194888318976
1403637194938319104
1403637194988318976
1403637195038319104
1403637195088318976
1403637195138319104
1403637195188318976
1403637195238319104
1403637195288318976
1403637195338319104
1403637195388318976
1403637195438319104
1403637195488318976
1403637195538319104
1403637195588318976
1403637195638319104
1403637195688318976
1403637195738319104
1403637195788318976
1403637195838319104
1403637195888318976
1403637195938319104
1403637195988318976
1403637196038319104
1403637196088318976
1403637196138319104
1403637196188318976
1403637196238319104
1403637196288318976
1403637196338319104
1403637196388318976
1403637196438319104
1403637196488318976
1403637196538319104
1403637196588318976
1403637196638319104
1403637196688318976
1403637196738319104
1403637196788318976
1403637196838319104
1403637196888318976
1403637196938319104
1403637196988318976
1403637197038319104
1403637197088318976
1403637197138319104
1403637197188318976
1403637197238319104
1403637197288318976
1403637197338319104
1403637197388318976
1403637197438319104
1403637197488318976
1403637197538319104
1403637197588318976
1403637197638319104
1403637197688318976
1403637197738319104
1403637197788318976
1403637197838319104
1403637197888318976
1403637197938319104
1403637197988318976
1403637198038319104
1403637198088318976
1403637198138319104
1403637198188318976
1403637198238319104
1403637198288318976
1403637198338319104
1403637198388318976
1403637198438319104
1403637198488318976
1403637198538319104
1403637198588318976
1403637198638319104
1403637198688318976
1403637198738319104
1403637198788318976
1403637198838319104
1403637198888318976
1403637198938319104
1403637198988318976
1403637199038319104
1403637199088318976
1403637199138319104
1403637199188318976
1403637199238319104
1403637199288318976
1403637199338319104
1403637199388318976
1403637199438319104
1403637199488318976
1403637199538319104
1403637199588318976
1403637199638319104
1403637199688318976
1403637199738319104
1403637199788318976
1403637199838319104
1403637199888318976
1403637199938319104
1403637199988318976
1403637200038319104
1403637200088318976
1403637200138319104
1403637200188318976
1403637200238319104
1403637200288318976
1403637200338319104
1403637200388318976
1403637200438319104
1403637200488318976
1403637200538319104
1403637200588318976
1403637200638319104
1403637200688318976
1403637200738319104
1403637200788318976
1403637200838319104
1403637200888318976
1403637200938319104
1403637200988318976
1403637201038319104
1403637201088318976
1403637201138319104
1403637201188318976
1403637201238319104
1403637201288318976
1403637201338319104
1403637201388318976
1403637201438319104
1403637201488318976
1403637201538319104
1403637201588318976
1403637201638319104
1403637201688318976
1403637201738319104
1403637201788318976
1403637201838319104
1403637201888318976
1403637201938319104
1403637201988318976
1403637202038319104
1403637202088318976
1403637202138319104
1403637202188318976
1403637202238319104
1403637202288318976
1403637202338319104
1403637202388318976
1403637202438319104
1403637202488318976
1403637202538319104
1403637202588318976
1403637202638319104
1403637202688318976
1403637202738319104
1403637202788318976
1403637202838319104
1403637202888318976
1403637202938319104
1403637202988318976
1403637203038319104
1403637203088318976
1403637203138319104
1403637203188318976
1403637203238319104
1403637203288318976
1403637203338319104
1403637203388318976
1403637203438319104
1403637203488318976
1403637203538319104
1403637203588318976
1403637203638319104
1403637203688318976
1403637203738319104
1403637203788318976
1403637203838319104
1403637203888318976
1403637203938319104
1403637203988318976
1403637204038319104
1403637204088318976
1403637204138319104
1403637204188318976
1403637204238319104
1403637204288318976
1403637204338319104
1403637204388318976
1403637204438319104
1403637204488318976
1403637204538319104
1403637204588318976
1403637204638319104
1403637204688318976
1403637204738319104
1403637204788318976
1403637204838319104
1403637204888318976
1403637204938319104
1403637204988318976
1403637205038319104
1403637205088318976
1403637205138319104
1403637205188318976
1403637205238319104
1403637205288318976
1403637205338319104
1403637205388318976
1403637205438319104
1403637205488318976
1403637205538319104
1403637205588318976
1403637205638319104
1403637205688318976
1403637205738319104
1403637205788318976
1403637205838319104
1403637205888318976
1403637205938319104
1403637205988318976
1403637206038319104
1403637206088318976
1403637206138319104
1403637206188318976
1403637206238319104
1403637206288318976
1403637206338319104
1403637206388318976
1403637206438319104
1403637206488318976
1403637206538319104
1403637206588318976
1403637206638319104
1403637206688318976
1403637206738319104
1403637206788318976
1403637206838319104
1403637206888318976
1403637206938319104
1403637206988318976
1403637207038319104
1403637207088318976
1403637207138319104
1403637207188318976
1403637207238319104
1403637207288318976
1403637207338319104
1403637207388318976
1403637207438319104
1403637207488318976
1403637207538319104
1403637207588318976
1403637207638319104
1403637207688318976
1403637207738319104
1403637207788318976
1403637207838319104
1403637207888318976
1403637207938319104
1403637207988318976
1403637208038319104
1403637208088318976
1403637208138319104
1403637208188318976
1403637208238319104
1403637208288318976
1403637208338319104
1403637208388318976
1403637208438319104
1403637208488318976
1403637208538319104
1403637208588318976
1403637208638319104
1403637208688318976
1403637208738319104
1403637208788318976
1403637208838319104
1403637208888318976
1403637208938319104
1403637208988318976
1403637209038319104
1403637209088318976
1403637209138319104
1403637209188318976
1403637209238319104
1403637209288318976
1403637209338319104
1403637209388318976
1403637209438319104
1403637209488318976
1403637209538319104
1403637209588318976
1403637209638319104
1403637209688318976
1403637209738319104
1403637209788318976
1403637209838319104
1403637209888318976
1403637209938319104
1403637209988318976
1403637210038319104
1403637210088318976
1403637210138319104
1403637210188318976
1403637210238319104
1403637210288318976
1403637210338319104
1403637210388318976
1403637210438319104
1403637210488318976
1403637210538319104
1403637210588318976
1403637210638319104
1403637210688318976
1403637210738319104
1403637210788318976
1403637210838319104
1403637210888318976
1403637210938319104
1403637210988318976
1403637211038319104
1403637211088318976
1403637211138319104
1403637211188318976
1403637211238319104
1403637211288318976
1403637211338319104
1403637211388318976
1403637211438319104
1403637211488318976
1403637211538319104
1403637211588318976
1403637211638319104
1403637211688318976
1403637211738319104
1403637211788318976
1403637211838319104
1403637211888318976
1403637211938319104
1403637211988318976
1403637212038319104
1403637212088318976
1403637212138319104
1403637212188318976
1403637212238319104
1403637212288318976
1403637212338319104
1403637212388318976
1403637212438319104
1403637212488318976
1403637212538319104
1403637212588318976
1403637212638319104
1403637212688318976
1403637212738319104
1403637212788318976
1403637212838319104
1403637212888318976
1403637212938319104
1403637212988318976
1403637213038319104
1403637213088318976
1403637213138319104
1403637213188318976
1403637213238319104
1403637213288318976
1403637213338319104
1403637213388318976
1403637213438319104
1403637213488318976
1403637213538319104
1403637213588318976
1403637213638319104
1403637213688318976
1403637213738319104
1403637213788318976
1403637213838319104
1403637213888318976
1403637213938319104
1403637213988318976
1403637214038319104
1403637214088318976
1403637214138319104
1403637214188318976
1403637214238319104
1403637214288318976
1403637214338319104
1403637214388318976
1403637214438319104
1403637214488318976
1403637214538319104
1403637214588318976
1403637214638319104
1403637214688318976
1403637214738319104
1403637214788318976
1403637214838319104
1403637214888318976
1403637214938319104
1403637214988318976
1403637215038319104
1403637215088318976
1403637215138319104
1403637215188318976
1403637215238319104
1403637215288318976
1403637215338319104
1403637215388318976
1403637215438319104
1403637215488318976
1403637215538319104
1403637215588318976
1403637215638319104
1403637215688318976
1403637215738319104
1403637215788318976
1403637215838319104
1403637215888318976
1403637215938319104
1403637215988318976
1403637216038319104
1403637216088318976
1403637216138319104
1403637216188318976
1403637216238319104
1403637216288318976
1403637216338319104
1403637216388318976
1403637216438319104
1403637216488318976
1403637216538319104
1403637216588318976
1403637216638319104
1403637216688318976
1403637216738319104
1403637216788318976
1403637216838319104
1403637216888318976
1403637216938319104
1403637216988318976
1403637217038319104
1403637217088318976
1403637217138319104
1403637217188318976
1403637217238319104
1403637217288318976
1403637217338319104
1403637217388318976
1403637217438319104
1403637217488318976
1403637217538319104
1403637217588318976
1403637217638319104
1403637217688318976
1403637217738319104
1403637217788318976
1403637217838319104
1403637217888318976
1403637217938319104
1403637217988318976
1403637218038319104
1403637218088318976
1403637218138319104
1403637218188318976
1403637218238319104
1403637218288318976
1403637218338319104
1403637218388318976
1403637218438319104
1403637218488318976
1403637218538319104
1403637218588318976
1403637218638319104
1403637218688318976
1403637218738319104
1403637218788318976
1403637218838319104
1403637218888318976
1403637218938319104
1403637218988318976
1403637219038319104
1403637219088318976
1403637219138319104
1403637219188318976
1403637219238319104
1403637219288318976
1403637219338319104
1403637219388318976
1403637219438319104
1403637219488318976
1403637219538319104
1403637219588318976
1403637219638319104
1403637219688318976
1403637219738319104
1403637219788318976
1403637219838319104
1403637219888318976
1403637219938319104
1403637219988318976
1403637220038319104
1403637220088318976
1403637220138319104
1403637220188318976
1403637220238319104
1403637220288318976
1403637220338319104
1403637220388318976
1403637220438319104
1403637220488318976
1403637220538319104
1403637220588318976
1403637220638319104
1403637220688318976
1403637220738319104
1403637220788318976
1403637220838319104
1403637220888318976
1403637220938319104
1403637220988318976
1403637221038319104
1403637221088318976
1403637221138319104
1403637221188318976
1403637221238319104
1403637221288318976
1403637221338319104
1403637221388318976
1403637221438319104
1403637221488318976
1403637221538319104
1403637221588318976
1403637221638319104
1403637221688318976
1403637221738319104
1403637221788318976
1403637221838319104
1403637221888318976
1403637221938319104
1403637221988318976
1403637222038319104
1403637222088318976
1403637222138319104
1403637222188318976
1403637222238319104
1403637222288318976
1403637222338319104
1403637222388318976
1403637222438319104
1403637222488318976
1403637222538319104
1403637222588318976
1403637222638319104
1403637222688318976
1403637222738319104
1403637222788318976
1403637222838319104
1403637222888318976
1403637222938319104
1403637222988318976
1403637223038319104
1403637223088318976
1403637223138319104
1403637223188318976
1403637223238319104
1403637223288318976
1403637223338319104
1403637223388318976
1403637223438319104
1403637223488318976
1403637223538319104
1403637223588318976
1403637223638319104
1403637223688318976
1403637223738319104
1403637223788318976
1403637223838319104
1403637223888318976
1403637223938319104
1403637223988318976
1403637224038319104
1403637224088318976
1403637224138319104
1403637224188318976
1403637224238319104
1403637224288318976
1403637224338319104
1403637224388318976
1403637224438319104
1403637224488318976
1403637224538319104
1403637224588318976
1403637224638319104
1403637224688318976
1403637224738319104
1403637224788318976
1403637224838319104
1403637224888318976
1403637224938319104
1403637224988318976
1403637225038319104
1403637225088318976
1403637225138319104
1403637225188318976
1403637225238319104
1403637225288318976
1403637225338319104
1403637225388318976
1403637225438319104
1403637225488318976
1403637225538319104
1403637225588318976
1403637225638319104
1403637225688318976
1403637225738319104
1403637225788318976
1403637225838319104
1403637225888318976
1403637225938319104
1403637225988318976
1403637226038319104
1403637226088318976
1403637226138319104
1403637226188318976
1403637226238319104
1403637226288318976
1403637226338319104
1403637226388318976
1403637226438319104
1403637226488318976
1403637226538319104
1403637226588318976
1403637226638319104
1403637226688318976
1403637226738319104
1403637226788318976
1403637226838319104
1403637226888318976
1403637226938319104
1403637226988318976
1403637227038319104
1403637227088318976
1403637227138319104
1403637227188318976
1403637227238319104
1403637227288318976
1403637227338319104
1403637227388318976
1403637227438319104
1403637227488318976
1403637227538319104
1403637227588318976
1403637227638319104
1403637227688318976
1403637227738319104
1403637227788318976
1403637227838319104
1403637227888318976
1403637227938319104
1403637227988318976
1403637228038319104
1403637228088318976
1403637228138319104
1403637228188318976
1403637228238319104
1403637228288318976
1403637228338319104
1403637228388318976
1403637228438319104
1403637228488318976
1403637228538319104
1403637228588318976
1403637228638319104
1403637228688318976
1403637228738319104
1403637228788318976
1403637228838319104
1403637228888318976
1403637228938319104
1403637228988318976
1403637229038319104
1403637229088318976
1403637229138319104
1403637229188318976
1403637229238319104
1403637229288318976
1403637229338319104
1403637229388318976
1403637229438319104
1403637229488318976
1403637229538319104
1403637229588318976
1403637229638319104
1403637229688318976
1403637229738319104
1403637229788318976
1403637229838319104
1403637229888318976
1403637229938319104
1403637229988318976
1403637230038319104
1403637230088318976
1403637230138319104
1403637230188318976
1403637230238319104
1403637230288318976
1403637230338319104
1403637230388318976
1403637230438319104
1403637230488318976
1403637230538319104
1403637230588318976
1403637230638319104
1403637230688318976
1403637230738319104
1403637230788318976
1403637230838319104
1403637230888318976
1403637230938319104
1403637230988318976
1403637231038319104
1403637231088318976
1403637231138319104
1403637231188318976
1403637231238319104
1403637231288318976
1403637231338319104
1403637231388318976
1403637231438319104
1403637231488318976
1403637231538319104
1403637231588318976
1403637231638319104
1403637231688318976
1403637231738319104
1403637231788318976
1403637231838319104
1403637231888318976
1403637231938319104
1403637231988318976
1403637232038319104
1403637232088318976
1403637232138319104
1403637232188318976
1403637232238319104
1403637232288318976
1403637232338319104
1403637232388318976
1403637232438319104
1403637232488318976
1403637232538319104
1403637232588318976
1403637232638319104
1403637232688318976
1403637232738319104
1403637232788318976
1403637232838319104
1403637232888318976
1403637232938319104
1403637232988318976
1403637233038319104
1403637233088318976
1403637233138319104
1403637233188318976
1403637233238319104
1403637233288318976
1403637233338319104
1403637233388318976
1403637233438319104
1403637233488318976
1403637233538319104
1403637233588318976
1403637233638319104
1403637233688318976
1403637233738319104
1403637233788318976
1403637233838319104
1403637233888318976
1403637233938319104
1403637233988318976
1403637234038319104
1403637234088318976
1403637234138319104
1403637234188318976
1403637234238319104
1403637234288318976
1403637234338319104
1403637234388318976
1403637234438319104
1403637234488318976
1403637234538319104
1403637234588318976
1403637234638319104
1403637234688318976
1403637234738319104
1403637234788318976
1403637234838319104
1403637234888318976
1403637234938319104
1403637234988318976
1403637235038319104
1403637235088318976
1403637235138319104
1403637235188318976
1403637235238319104
1403637235288318976
1403637235338319104
1403637235388318976
1403637235438319104
1403637235488318976
1403637235538319104
1403637235588318976
1403637235638319104
1403637235688318976
1403637235738319104
1403637235788318976
1403637235838319104
1403637235888318976
1403637235938319104
1403637235988318976
1403637236038319104
1403637236088318976
1403637236138319104
1403637236188318976
1403637236238319104
1403637236288318976
1403637236338319104
1403637236388318976
1403637236438319104
1403637236488318976
1403637236538319104
1403637236588318976
1403637236638319104
1403637236688318976
1403637236738319104
1403637236788318976
1403637236838319104
1403637236888318976
1403637236938319104
1403637236988318976
1403637237038319104
1403637237088318976
1403637237138319104
1403637237188318976
1403637237238319104
1403637237288318976
1403637237338319104
1403637237388318976
1403637237438319104
1403637237488318976
1403637237538319104
1403637237588318976
1403637237638319104
1403637237688318976
1403637237738319104
1403637237788318976
1403637237838319104
1403637237888318976
1403637237938319104
1403637237988318976
1403637238038319104
1403637238088318976
1403637238138319104
1403637238188318976
1403637238238319104
1403637238288318976
1403637238338319104
1403637238388318976
1403637238438319104
1403637238488318976
1403637238538319104
1403637238588318976
1403637238638319104
1403637238688318976
1403637238738319104
1403637238788318976
1403637238838319104
1403637238888318976
1403637238938319104
1403637238988318976
1403637239038319104
1403637239088318976
1403637239138319104
1403637239188318976
1403637239238319104
1403637239288318976
1403637239338319104
1403637239388318976
1403637239438319104
1403637239488318976
1403637239538319104
1403637239588318976
1403637239638319104
1403637239688318976
1403637239738319104
1403637239788318976
1403637239838319104
1403637239888318976
1403637239938319104
1403637239988318976
1403637240038319104
1403637240088318976
1403637240138319104
1403637240188318976
1403637240238319104
1403637240288318976
1403637240338319104
1403637240388318976
1403637240438319104
1403637240488318976
1403637240538319104
1403637240588318976
1403637240638319104
1403637240688318976
1403637240738319104
1403637240788318976
1403637240838319104
1403637240888318976
1403637240938319104
1403637240988318976
1403637241038319104
1403637241088318976
1403637241138319104
1403637241188318976
1403637241238319104
1403637241288318976
1403637241338319104
1403637241388318976
1403637241438319104
1403637241488318976
1403637241538319104
1403637241588318976
1403637241638319104
1403637241688318976
1403637241738319104
1403637241788318976
1403637241838319104
1403637241888318976
1403637241938319104
1403637241988318976
1403637242038319104
1403637242088318976
1403637242138319104
1403637242188318976
1403637242238319104
1403637242288318976
1403637242338319104
1403637242388318976
1403637242438319104
1403637242488318976
1403637242538319104
1403637242588318976
1403637242638319104
1403637242688318976
1403637242738319104
1403637242788318976
1403637242838319104
1403637242888318976
1403637242938319104
1403637242988318976
1403637243038319104
1403637243088318976
1403637243138319104
1403637243188318976
1403637243238319104
1403637243288318976
1403637243338319104
1403637243388318976
1403637243438319104
1403637243488318976
1403637243538319104
1403637243588318976
1403637243638319104
1403637243688318976
1403637243738319104
1403637243788318976
1403637243838319104
1403637243888318976
1403637243938319104
1403637243988318976
1403637244038319104
1403637244088318976
1403637244138319104
1403637244188318976
1403637244238319104
1403637244288318976
1403637244338319104
1403637244388318976
1403637244438319104
1403637244488318976
1403637244538319104
1403637244588318976
1403637244638319104
1403637244688318976
1403637244738319104
1403637244788318976
1403637244838319104
1403637244888318976
1403637244938319104
1403637244988318976
1403637245038319104
1403637245088318976
1403637245138319104
1403637245188318976
1403637245238319104
1403637245288318976
1403637245338319104
1403637245388318976
1403637245438319104
1403637245488318976
1403637245538319104
1403637245588318976
1403637245638319104
1403637245688318976
1403637245738319104
1403637245788318976
1403637245838319104
1403637245888318976
1403637245938319104
1403637245988318976
1403637246038319104
1403637246088318976
1403637246138319104
1403637246188318976
1403637246238319104
1403637246288318976
1403637246338319104
1403637246388318976
1403637246438319104
1403637246488318976
1403637246538319104
1403637246588318976
1403637246638319104
1403637246688318976
1403637246738319104
1403637246788318976
1403637246838319104
1403637246888318976
1403637246938319104
1403637246988318976
1403637247038319104
1403637247088318976
1403637247138319104
1403637247188318976
1403637247238319104
1403637247288318976
1403637247338319104
1403637247388318976
1403637247438319104
1403637247488318976
1403637247538319104
1403637247588318976
1403637247638319104
1403637247688318976
1403637247738319104
1403637247788318976
1403637247838319104
1403637247888318976
1403637247938319104
1403637247988318976
1403637248038319104
1403637248088318976
1403637248138319104
1403637248188318976
1403637248238319104
1403637248288318976
1403637248338319104
1403637248388318976
1403637248438319104
1403637248488318976
1403637248538319104
1403637248588318976
1403637248638319104
1403637248688318976
1403637248738319104
1403637248788318976
1403637248838319104
1403637248888318976
1403637248938319104
1403637248988318976
1403637249038319104
1403637249088318976
1403637249138319104
1403637249188318976
1403637249238319104
1403637249288318976
1403637249338319104
1403637249388318976
1403637249438319104
1403637249488318976
1403637249538319104
1403637249588318976
1403637249638319104
1403637249688318976
1403637249738319104
1403637249788318976
1403637249838319104
1403637249888318976
1403637249938319104
1403637249988318976
1403637250038319104
1403637250088318976
1403637250138319104
1403637250188318976
1403637250238319104
1403637250288318976
1403637250338319104
1403637250388318976
1403637250438319104
1403637250488318976
1403637250538319104
1403637250588318976
1403637250638319104
1403637250688318976
1403637250738319104
1403637250788318976
1403637250838319104
1403637250888318976
1403637250938319104
1403637250988318976
1403637251038319104
1403637251088318976
1403637251138319104
1403637251188318976
1403637251238319104
1403637251288318976
1403637251338319104
1403637251388318976
1403637251438319104
1403637251488318976
1403637251538319104
1403637251588318976
1403637251638319104
1403637251688318976
1403637251738319104
1403637251788318976
1403637251838319104
1403637251888318976
1403637251938319104
1403637251988318976
1403637252038319104
1403637252088318976
1403637252138319104
1403637252188318976
1403637252238319104
1403637252288318976
1403637252338319104
1403637252388318976
1403637252438319104
1403637252488318976
1403637252538319104
1403637252588318976
1403637252638319104
1403637252688318976
1403637252738319104
1403637252788318976
1403637252838319104
1403637252888318976
1403637252938319104
1403637252988318976
1403637253038319104
1403637253088318976
1403637253138319104
1403637253188318976
1403637253238319104
1403637253288318976
1403637253338319104
1403637253388318976
1403637253438319104
1403637253488318976
1403637253538319104
1403637253588318976
1403637253638319104
1403637253688318976
1403637253738319104
1403637253788318976
1403637253838319104
1403637253888318976
1403637253938319104
1403637253988318976
1403637254038319104
1403637254088318976
1403637254138319104
1403637254188318976
1403637254238319104
1403637254288318976
1403637254338319104
1403637254388318976
1403637254438319104
1403637254488318976
1403637254538319104
1403637254588318976
1403637254638319104
1403637254688318976
1403637254738319104
1403637254788318976
1403637254838319104
1403637254888318976
1403637254938319104
1403637254988318976
1403637255038319104
1403637255088318976
1403637255138319104
1403637255188318976
1403637255238319104
1403637255288318976
1403637255338319104
1403637255388318976
1403637255438319104
1403637255488318976
1403637255538319104
1403637255588318976
1403637255638319104
1403637255688318976
1403637255738319104
1403637255788318976
1403637255838319104
1403637255888318976
1403637255938319104
1403637255988318976
1403637256038319104
1403637256088318976
1403637256138319104
1403637256188318976
1403637256238319104
1403637256288318976
1403637256338319104
1403637256388318976
1403637256438319104
1403637256488318976
1403637256538319104
1403637256588318976
1403637256638319104
1403637256688318976
1403637256738319104
1403637256788318976
1403637256838319104
1403637256888318976
1403637256938319104
1403637256988318976
1403637257038319104
1403637257088318976
1403637257138319104
1403637257188318976
1403637257238319104
1403637257288318976
1403637257338319104
1403637257388318976
1403637257438319104
1403637257488318976
1403637257538319104
1403637257588318976
1403637257638319104
1403637257688318976
1403637257738319104
1403637257788318976
1403637257838319104
1403637257888318976
1403637257938319104
1403637257988318976
1403637258038319104
1403637258088318976
1403637258138319104
1403637258188318976
1403637258238319104
1403637258288318976
1403637258338319104
1403637258388318976
1403637258438319104
1403637258488318976
1403637258538319104
1403637258588318976
1403637258638319104
1403637258688318976
1403637258738319104
1403637258788318976
1403637258838319104
1403637258888318976
1403637258938319104
1403637258988318976
1403637259038319104
1403637259088318976
1403637259138319104
1403637259188318976
1403637259238319104
1403637259288318976
1403637259338319104
1403637259388318976
1403637259438319104
1403637259488318976
1403637259538319104
1403637259588318976
1403637259638319104
1403637259688318976
1403637259738319104
1403637259788318976
1403637259838319104
1403637259888318976
1403637259938319104
1403637259988318976
1403637260038319104
1403637260088318976
1403637260138319104
1403637260188318976
1403637260238319104
1403637260288318976
1403637260338319104
1403637260388318976
1403637260438319104
1403637260488318976
1403637260538319104
1403637260588318976
1403637260638319104
1403637260688318976
1403637260738319104
1403637260788318976
1403637260838319104
1403637260888318976
1403637260938319104
1403637260988318976
1403637261038319104
1403637261088318976
1403637261138319104
1403637261188318976
1403637261238319104
1403637261288318976
1403637261338319104
1403637261388318976
1403637261438319104
1403637261488318976
1403637261538319104
1403637261588318976
1403637261638319104
1403637261688318976
1403637261738319104
1403637261788318976
1403637261838319104
1403637261888318976
1403637261938319104
1403637261988318976
1403637262038319104
1403637262088318976
1403637262138319104
1403637262188318976
1403637262238319104
1403637262288318976
1403637262338319104
1403637262388318976
1403637262438319104
1403637262488318976
1403637262538319104
1403637262588318976
1403637262638319104
1403637262688318976
1403637262738319104
1403637262788318976
1403637262838319104
1403637262888318976
1403637262938319104
1403637262988318976
1403637263038319104
1403637263088318976
1403637263138319104
1403637263188318976
1403637263238319104
1403637263288318976
1403637263338319104
1403637263388318976
1403637263438319104
1403637263488318976
1403637263538319104
1403637263588318976
1403637263638319104
1403637263688318976
1403637263738319104
1403637263788318976
1403637263838319104
1403637263888318976
1403637263938319104
1403637263988318976
1403637264038319104
1403637264088318976
1403637264138319104
1403637264188318976
1403637264238319104
1403637264288318976
1403637264338319104
1403637264388318976
1403637264438319104
1403637264488318976
1403637264538319104
1403637264588318976
1403637264638319104
1403637264688318976
1403637264738319104
1403637264788318976
1403637264838319104
1403637264888318976
1403637264938319104
1403637264988318976
1403637265038319104
1403637265088318976
1403637265138319104
1403637265188318976
1403637265238319104
1403637265288318976
1403637265338319104
1403637265388318976
1403637265438319104
1403637265488318976
