1403715273262142976
1403715273312143104
1403715273362142976
1403715273412143104
1403715273462142976
1403715273512143104
1403715273562142976
1403715273612143104
1403715273662142976
1403715273712143104
1403715273762142976
1403715273812143104
1403715273862142976
1403715273912143104
1403715273962142976
1403715274012143104
1403715274062142976
1403715274112143104
1403715274162142976
1403715274212143104
1403715274262142976
1403715274312143104
1403715274362142976
1403715274412143104
1403715274462142976
1403715274512143104
1403715274562142976
1403715274612143104
1403715274662142976
1403715274712143104
1403715274762142976
1403715274812143104
1403715274862142976
1403715274912143104
1403715274962142976
1403715275012143104
1403715275062142976
1403715275112143104
1403715275162142976
1403715275212143104
1403715275262142976
1403715275312143104
1403715275362142976
1403715275412143104
1403715275462142976
1403715275512143104
1403715275562142976
1403715275612143104
1403715275662142976
1403715275712143104
1403715275762142976
1403715275812143104
1403715275862142976
1403715275912143104
1403715275962142976
1403715276012143104
1403715276062142976
1403715276112143104
1403715276162142976
1403715276212143104
1403715276262142976
1403715276312143104
1403715276362142976
1403715276412143104
1403715276462142976
1403715276512143104
1403715276562142976
1403715276612143104
1403715276662142976
1403715276712143104
1403715276762142976
1403715276812143104
1403715276862142976
1403715276912143104
1403715276962142976
1403715277012143104
1403715277062142976
1403715277112143104
1403715277162142976
1403715277212143104
1403715277262142976
1403715277312143104
1403715277362142976
1403715277412143104
1403715277462142976
1403715277512143104
1403715277562142976
1403715277612143104
1403715277662142976
1403715277712143104
1403715277762142976
1403715277812143104
1403715277862142976
1403715277912143104
1403715277962142976
1403715278012143104
1403715278062142976
1403715278112143104
1403715278162142976
1403715278212143104
1403715278262142976
1403715278312143104
1403715278362142976
1403715278412143104
1403715278462142976
1403715278512143104
1403715278562142976
1403715278612143104
1403715278662142976
1403715278712143104
1403715278762142976
1403715278812143104
1403715278862142976
1403715278912143104
1403715278962142976
1403715279012143104
1403715279062142976
1403715279112143104
1403715279162142976
1403715279212143104
1403715279262142976
1403715279312143104
1403715279362142976
1403715279412143104
1403715279462142976
1403715279512143104
1403715279562142976
1403715279612143104
1403715279662142976
1403715279712143104
1403715279762142976
1403715279812143104
1403715279862142976
1403715279912143104
1403715279962142976
1403715280012143104
1403715280062142976
1403715280112143104
1403715280162142976
1403715280212143104
1403715280262142976
1403715280312143104
1403715280362142976
1403715280412143104
1403715280462142976
1403715280512143104
1403715280562142976
1403715280612143104
1403715280662142976
1403715280712143104
1403715280762142976
1403715280812143104
1403715280862142976
1403715280912143104
1403715280962142976
1403715281012143104
1403715281062142976
1403715281112143104
1403715281162142976
1403715281212143104
1403715281262142976
1403715281312143104
1403715281362142976
1403715281412143104
1403715281462142976
1403715281512143104
1403715281562142976
1403715281612143104
1403715281662142976
1403715281712143104
1403715281762142976
1403715281812143104
1403715281862142976
1403715281912143104
1403715281962142976
1403715282012143104
1403715282062142976
1403715282112143104
1403715282162142976
1403715282212143104
1403715282262142976
1403715282312143104
1403715282362142976
1403715282412143104
1403715282462142976
1403715282512143104
1403715282562142976
1403715282612143104
1403715282662142976
1403715282712143104
1403715282762142976
1403715282812143104
1403715282862142976
1403715282912143104
1403715282962142976
1403715283012143104
1403715283062142976
1403715283112143104
1403715283162142976
1403715283212143104
1403715283262142976
1403715283312143104
1403715283362142976
1403715283412143104
1403715283462142976
1403715283512143104
1403715283562142976
1403715283612143104
1403715283662142976
1403715283712143104
1403715283762142976
1403715283812143104
1403715283862142976
1403715283912143104
1403715283962142976
1403715284012143104
1403715284062142976
1403715284112143104
1403715284162142976
1403715284212143104
1403715284262142976
1403715284312143104
1403715284362142976
1403715284412143104
1403715284462142976
1403715284512143104
1403715284562142976
1403715284612143104
1403715284662142976
1403715284712143104
1403715284762142976
1403715284812143104
1403715284862142976
1403715284912143104
1403715284962142976
1403715285012143104
1403715285062142976
1403715285112143104
1403715285162142976
1403715285212143104
1403715285262142976
1403715285312143104
1403715285362142976
1403715285412143104
1403715285462142976
1403715285512143104
1403715285562142976
1403715285612143104
1403715285662142976
1403715285712143104
1403715285762142976
1403715285812143104
1403715285862142976
1403715285912143104
1403715285962142976
1403715286012143104
1403715286062142976
1403715286112143104
1403715286162142976
1403715286212143104
1403715286262142976
1403715286312143104
1403715286362142976
1403715286412143104
1403715286462142976
1403715286512143104
1403715286562142976
1403715286612143104
1403715286662142976
1403715286712143104
1403715286762142976
1403715286812143104
1403715286862142976
1403715286912143104
1403715286962142976
1403715287012143104
1403715287062142976
1403715287112143104
1403715287162142976
1403715287212143104
1403715287262142976
1403715287312143104
1403715287362142976
1403715287412143104
1403715287462142976
1403715287512143104
1403715287562142976
1403715287612143104
1403715287662142976
1403715287712143104
1403715287762142976
1403715287812143104
1403715287862142976
1403715287912143104
1403715287962142976
1403715288012143104
1403715288062142976
1403715288112143104
1403715288162142976
1403715288212143104
1403715288262142976
1403715288312143104
1403715288362142976
1403715288412143104
1403715288462142976
1403715288512143104
1403715288562142976
1403715288612143104
1403715288662142976
1403715288712143104
1403715288762142976
1403715288812143104
1403715288862142976
1403715288912143104
1403715288962142976
1403715289012143104
1403715289062142976
1403715289112143104
1403715289162142976
1403715289212143104
1403715289262142976
1403715289312143104
1403715289362142976
1403715289412143104
1403715289462142976
1403715289512143104
1403715289562142976
1403715289612143104
1403715289662142976
1403715289712143104
1403715289762142976
1403715289812143104
1403715289862142976
1403715289912143104
1403715289962142976
1403715290012143104
1403715290062142976
1403715290112143104
1403715290162142976
1403715290212143104
1403715290262142976
1403715290312143104
1403715290362142976
1403715290412143104
1403715290462142976
1403715290512143104
1403715290562142976
1403715290612143104
1403715290662142976
1403715290712143104
1403715290762142976
1403715290812143104
1403715290862142976
1403715290912143104
1403715290962142976
1403715291012143104
1403715291062142976
1403715291112143104
1403715291162142976
1403715291212143104
1403715291262142976
1403715291312143104
1403715291362142976
1403715291412143104
1403715291462142976
1403715291512143104
1403715291562142976
1403715291612143104
1403715291662142976
1403715291712143104
1403715291762142976
1403715291812143104
1403715291862142976
1403715291912143104
1403715291962142976
1403715292012143104
1403715292062142976
1403715292112143104
1403715292162142976
1403715292212143104
1403715292262142976
1403715292312143104
1403715292362142976
1403715292412143104
1403715292462142976
1403715292512143104
1403715292562142976
1403715292612143104
1403715292662142976
1403715292712143104
1403715292762142976
1403715292812143104
1403715292862142976
1403715292912143104
1403715292962142976
1403715293012143104
1403715293062142976
1403715293112143104
1403715293162142976
1403715293212143104
1403715293262142976
1403715293312143104
1403715293362142976
1403715293412143104
1403715293462142976
1403715293512143104
1403715293562142976
1403715293612143104
1403715293662142976
1403715293712143104
1403715293762142976
1403715293812143104
1403715293862142976
1403715293912143104
1403715293962142976
1403715294012143104
1403715294062142976
1403715294112143104
1403715294162142976
1403715294212143104
1403715294262142976
1403715294312143104
1403715294362142976
1403715294412143104
1403715294462142976
1403715294512143104
1403715294562142976
1403715294612143104
1403715294662142976
1403715294712143104
1403715294762142976
1403715294812143104
1403715294862142976
1403715294912143104
1403715294962142976
1403715295012143104
1403715295062142976
1403715295112143104
1403715295162142976
1403715295212143104
1403715295262142976
1403715295312143104
1403715295362142976
1403715295412143104
1403715295462142976
1403715295512143104
1403715295562142976
1403715295612143104
1403715295662142976
1403715295712143104
1403715295762142976
1403715295812143104
1403715295862142976
1403715295912143104
1403715295962142976
1403715296012143104
1403715296062142976
1403715296112143104
1403715296162142976
1403715296212143104
1403715296262142976
1403715296312143104
1403715296362142976
1403715296412143104
1403715296462142976
1403715296512143104
1403715296562142976
1403715296612143104
1403715296662142976
1403715296712143104
1403715296762142976
1403715296812143104
1403715296862142976
1403715296912143104
1403715296962142976
1403715297012143104
1403715297062142976
1403715297112143104
1403715297162142976
1403715297212143104
1403715297262142976
1403715297312143104
1403715297362142976
1403715297412143104
1403715297462142976
1403715297512143104
1403715297562142976
1403715297612143104
1403715297662142976
1403715297712143104
1403715297762142976
1403715297812143104
1403715297862142976
1403715297912143104
1403715297962142976
1403715298012143104
1403715298062142976
1403715298112143104
1403715298162142976
1403715298212143104
1403715298262142976
1403715298312143104
1403715298362142976
1403715298412143104
1403715298462142976
1403715298512143104
1403715298562142976
1403715298612143104
1403715298662142976
1403715298712143104
1403715298762142976
1403715298812143104
1403715298862142976
1403715298912143104
1403715298962142976
1403715299012143104
1403715299062142976
1403715299112143104
1403715299162142976
1403715299212143104
1403715299262142976
1403715299312143104
1403715299362142976
1403715299412143104
1403715299462142976
1403715299512143104
1403715299562142976
1403715299612143104
1403715299662142976
1403715299712143104
1403715299762142976
1403715299812143104
1403715299862142976
1403715299912143104
1403715299962142976
1403715300012143104
1403715300062142976
1403715300112143104
1403715300162142976
1403715300212143104
1403715300262142976
1403715300312143104
1403715300362142976
1403715300412143104
1403715300462142976
1403715300512143104
1403715300562142976
1403715300612143104
1403715300662142976
1403715300712143104
1403715300762142976
1403715300812143104
1403715300862142976
1403715300912143104
1403715300962142976
1403715301012143104
1403715301062142976
1403715301112143104
1403715301162142976
1403715301212143104
1403715301262142976
1403715301312143104
1403715301362142976
1403715301412143104
1403715301462142976
1403715301512143104
1403715301562142976
1403715301612143104
1403715301662142976
1403715301712143104
1403715301762142976
1403715301812143104
1403715301862142976
1403715301912143104
1403715301962142976
1403715302012143104
1403715302062142976
1403715302112143104
1403715302162142976
1403715302212143104
1403715302262142976
1403715302312143104
1403715302362142976
1403715302412143104
1403715302462142976
1403715302512143104
1403715302562142976
1403715302612143104
1403715302662142976
1403715302712143104
1403715302762142976
1403715302812143104
1403715302862142976
1403715302912143104
1403715302962142976
1403715303012143104
1403715303062142976
1403715303112143104
1403715303162142976
1403715303212143104
1403715303262142976
1403715303312143104
1403715303362142976
1403715303412143104
1403715303462142976
1403715303512143104
1403715303562142976
1403715303612143104
1403715303662142976
1403715303712143104
1403715303762142976
1403715303812143104
1403715303862142976
1403715303912143104
1403715303962142976
1403715304012143104
1403715304062142976
1403715304112143104
1403715304162142976
1403715304212143104
1403715304262142976
1403715304312143104
1403715304362142976
1403715304412143104
1403715304462142976
1403715304512143104
1403715304562142976
1403715304612143104
1403715304662142976
1403715304712143104
1403715304762142976
1403715304812143104
1403715304862142976
1403715304912143104
1403715304962142976
1403715305012143104
1403715305062142976
1403715305112143104
1403715305162142976
1403715305212143104
1403715305262142976
1403715305312143104
1403715305362142976
1403715305412143104
1403715305462142976
1403715305512143104
1403715305562142976
1403715305612143104
1403715305662142976
1403715305712143104
1403715305762142976
1403715305812143104
1403715305862142976
1403715305912143104
1403715305962142976
1403715306012143104
1403715306062142976
1403715306112143104
1403715306162142976
1403715306212143104
1403715306262142976
1403715306312143104
1403715306362142976
1403715306412143104
1403715306462142976
1403715306512143104
1403715306562142976
1403715306612143104
1403715306662142976
1403715306712143104
1403715306762142976
1403715306812143104
1403715306862142976
1403715306912143104
1403715306962142976
1403715307012143104
1403715307062142976
1403715307112143104
1403715307162142976
1403715307212143104
1403715307262142976
1403715307312143104
1403715307362142976
1403715307412143104
1403715307462142976
1403715307512143104
1403715307562142976
1403715307612143104
1403715307662142976
1403715307712143104
1403715307762142976
1403715307812143104
1403715307862142976
1403715307912143104
1403715307962142976
1403715308012143104
1403715308062142976
1403715308112143104
1403715308162142976
1403715308212143104
1403715308262142976
1403715308312143104
1403715308362142976
1403715308412143104
1403715308462142976
1403715308512143104
1403715308562142976
1403715308612143104
1403715308662142976
1403715308712143104
1403715308762142976
1403715308812143104
1403715308862142976
1403715308912143104
1403715308962142976
1403715309012143104
1403715309062142976
1403715309112143104
1403715309162142976
1403715309212143104
1403715309262142976
1403715309312143104
1403715309362142976
1403715309412143104
1403715309462142976
1403715309512143104
1403715309562142976
1403715309612143104
1403715309662142976
1403715309712143104
1403715309762142976
1403715309812143104
1403715309862142976
1403715309912143104
1403715309962142976
1403715310012143104
1403715310062142976
1403715310112143104
1403715310162142976
1403715310212143104
1403715310262142976
1403715310312143104
1403715310362142976
1403715310412143104
1403715310462142976
1403715310512143104
1403715310562142976
1403715310612143104
1403715310662142976
1403715310712143104
1403715310762142976
1403715310812143104
1403715310862142976
1403715310912143104
1403715310962142976
1403715311012143104
1403715311062142976
1403715311112143104
1403715311162142976
1403715311212143104
1403715311262142976
1403715311312143104
1403715311362142976
1403715311412143104
1403715311462142976
1403715311512143104
1403715311562142976
1403715311612143104
1403715311662142976
1403715311712143104
1403715311762142976
1403715311812143104
1403715311862142976
1403715311912143104
1403715311962142976
1403715312012143104
1403715312062142976
1403715312112143104
1403715312162142976
1403715312212143104
1403715312262142976
1403715312312143104
1403715312362142976
1403715312412143104
1403715312462142976
1403715312512143104
1403715312562142976
1403715312612143104
1403715312662142976
1403715312712143104
1403715312762142976
1403715312812143104
1403715312862142976
1403715312912143104
1403715312962142976
1403715313012143104
1403715313062142976
1403715313112143104
1403715313162142976
1403715313212143104
1403715313262142976
1403715313312143104
1403715313362142976
1403715313412143104
1403715313462142976
1403715313512143104
1403715313562142976
1403715313612143104
1403715313662142976
1403715313712143104
1403715313762142976
1403715313812143104
1403715313862142976
1403715313912143104
1403715313962142976
1403715314012143104
1403715314062142976
1403715314112143104
1403715314162142976
1403715314212143104
1403715314262142976
1403715314312143104
1403715314362142976
1403715314412143104
1403715314462142976
1403715314512143104
1403715314562142976
1403715314612143104
1403715314662142976
1403715314712143104
1403715314762142976
1403715314812143104
1403715314862142976
1403715314912143104
1403715314962142976
1403715315012143104
1403715315062142976
1403715315112143104
1403715315162142976
1403715315212143104
1403715315262142976
1403715315312143104
1403715315362142976
1403715315412143104
1403715315462142976
1403715315512143104
1403715315562142976
1403715315612143104
1403715315662142976
1403715315712143104
1403715315762142976
1403715315812143104
1403715315862142976
1403715315912143104
1403715315962142976
1403715316012143104
1403715316062142976
1403715316112143104
1403715316162142976
1403715316212143104
1403715316262142976
1403715316312143104
1403715316362142976
1403715316412143104
1403715316462142976
1403715316512143104
1403715316562142976
1403715316612143104
1403715316662142976
1403715316712143104
1403715316762142976
1403715316812143104
1403715316862142976
1403715316912143104
1403715316962142976
1403715317012143104
1403715317062142976
1403715317112143104
1403715317162142976
1403715317212143104
1403715317262142976
1403715317312143104
1403715317362142976
1403715317412143104
1403715317462142976
1403715317512143104
1403715317562142976
1403715317612143104
1403715317662142976
1403715317712143104
1403715317762142976
1403715317812143104
1403715317862142976
1403715317912143104
1403715317962142976
1403715318012143104
1403715318062142976
1403715318112143104
1403715318162142976
1403715318212143104
1403715318262142976
1403715318312143104
1403715318362142976
1403715318412143104
1403715318462142976
1403715318512143104
1403715318562142976
1403715318612143104
1403715318662142976
1403715318712143104
1403715318762142976
1403715318812143104
1403715318862142976
1403715318912143104
1403715318962142976
1403715319012143104
1403715319062142976
1403715319112143104
1403715319162142976
1403715319212143104
1403715319262142976
1403715319312143104
1403715319362142976
1403715319412143104
1403715319462142976
1403715319512143104
1403715319562142976
1403715319612143104
1403715319662142976
1403715319712143104
1403715319762142976
1403715319812143104
1403715319862142976
1403715319912143104
1403715319962142976
1403715320012143104
1403715320062142976
1403715320112143104
1403715320162142976
1403715320212143104
1403715320262142976
1403715320312143104
1403715320362142976
1403715320412143104
1403715320462142976
1403715320512143104
1403715320562142976
1403715320612143104
1403715320662142976
1403715320712143104
1403715320762142976
1403715320812143104
1403715320862142976
1403715320912143104
1403715320962142976
1403715321012143104
1403715321062142976
1403715321112143104
1403715321162142976
1403715321212143104
1403715321262142976
1403715321312143104
1403715321362142976
1403715321412143104
1403715321462142976
1403715321512143104
1403715321562142976
1403715321612143104
1403715321662142976
1403715321712143104
1403715321762142976
1403715321812143104
1403715321862142976
1403715321912143104
1403715321962142976
1403715322012143104
1403715322062142976
1403715322112143104
1403715322162142976
1403715322212143104
1403715322262142976
1403715322312143104
1403715322362142976
1403715322412143104
1403715322462142976
1403715322512143104
1403715322562142976
1403715322612143104
1403715322662142976
1403715322712143104
1403715322762142976
1403715322812143104
1403715322862142976
1403715322912143104
1403715322962142976
1403715323012143104
1403715323062142976
1403715323112143104
1403715323162142976
1403715323212143104
1403715323262142976
1403715323312143104
1403715323362142976
1403715323412143104
1403715323462142976
1403715323512143104
1403715323562142976
1403715323612143104
1403715323662142976
1403715323712143104
1403715323762142976
1403715323812143104
1403715323862142976
1403715323912143104
1403715323962142976
1403715324012143104
1403715324062142976
1403715324112143104
1403715324162142976
1403715324212143104
1403715324262142976
1403715324312143104
1403715324362142976
1403715324412143104
1403715324462142976
1403715324512143104
1403715324562142976
1403715324612143104
1403715324662142976
1403715324712143104
1403715324762142976
1403715324812143104
1403715324862142976
1403715324912143104
1403715324962142976
1403715325012143104
1403715325062142976
1403715325112143104
1403715325162142976
1403715325212143104
1403715325262142976
1403715325312143104
1403715325362142976
1403715325412143104
1403715325462142976
1403715325512143104
1403715325562142976
1403715325612143104
1403715325662142976
1403715325712143104
1403715325762142976
1403715325812143104
1403715325862142976
1403715325912143104
1403715325962142976
1403715326012143104
1403715326062142976
1403715326112143104
1403715326162142976
1403715326212143104
1403715326262142976
1403715326312143104
1403715326362142976
1403715326412143104
1403715326462142976
1403715326512143104
1403715326562142976
1403715326612143104
1403715326662142976
1403715326712143104
1403715326762142976
1403715326812143104
1403715326862142976
1403715326912143104
1403715326962142976
1403715327012143104
1403715327062142976
1403715327112143104
1403715327162142976
1403715327212143104
1403715327262142976
1403715327312143104
1403715327362142976
1403715327412143104
1403715327462142976
1403715327512143104
1403715327562142976
1403715327612143104
1403715327662142976
1403715327712143104
1403715327762142976
1403715327812143104
1403715327862142976
1403715327912143104
1403715327962142976
1403715328012143104
1403715328062142976
1403715328112143104
1403715328162142976
1403715328212143104
1403715328262142976
1403715328312143104
1403715328362142976
1403715328412143104
1403715328462142976
1403715328512143104
1403715328562142976
1403715328612143104
1403715328662142976
1403715328712143104
1403715328762142976
1403715328812143104
1403715328862142976
1403715328912143104
1403715328962142976
1403715329012143104
1403715329062142976
1403715329112143104
1403715329162142976
1403715329212143104
1403715329262142976
1403715329312143104
1403715329362142976
1403715329412143104
1403715329462142976
1403715329512143104
1403715329562142976
1403715329612143104
1403715329662142976
1403715329712143104
1403715329762142976
1403715329812143104
1403715329862142976
1403715329912143104
1403715329962142976
1403715330012143104
1403715330062142976
1403715330112143104
1403715330162142976
1403715330212143104
1403715330262142976
1403715330312143104
1403715330362142976
1403715330412143104
1403715330462142976
1403715330512143104
1403715330562142976
1403715330612143104
1403715330662142976
1403715330712143104
1403715330762142976
1403715330812143104
1403715330862142976
1403715330912143104
1403715330962142976
1403715331012143104
1403715331062142976
1403715331112143104
1403715331162142976
1403715331212143104
1403715331262142976
1403715331312143104
1403715331362142976
1403715331412143104
1403715331462142976
1403715331512143104
1403715331562142976
1403715331612143104
1403715331662142976
1403715331712143104
1403715331762142976
1403715331812143104
1403715331862142976
1403715331912143104
1403715331962142976
1403715332012143104
1403715332062142976
1403715332112143104
1403715332162142976
1403715332212143104
1403715332262142976
1403715332312143104
1403715332362142976
1403715332412143104
1403715332462142976
1403715332512143104
1403715332562142976
1403715332612143104
1403715332662142976
1403715332712143104
1403715332762142976
1403715332812143104
1403715332862142976
1403715332912143104
1403715332962142976
1403715333012143104
1403715333062142976
1403715333112143104
1403715333162142976
1403715333212143104
1403715333262142976
1403715333312143104
1403715333362142976
1403715333412143104
1403715333462142976
1403715333512143104
1403715333562142976
1403715333612143104
1403715333662142976
1403715333712143104
1403715333762142976
1403715333812143104
1403715333862142976
1403715333912143104
1403715333962142976
1403715334012143104
1403715334062142976
1403715334112143104
1403715334162142976
1403715334212143104
1403715334262142976
1403715334312143104
1403715334362142976
1403715334412143104
1403715334462142976
1403715334512143104
1403715334562142976
1403715334612143104
1403715334662142976
1403715334712143104
1403715334762142976
1403715334812143104
1403715334862142976
1403715334912143104
1403715334962142976
1403715335012143104
1403715335062142976
1403715335112143104
1403715335162142976
1403715335212143104
1403715335262142976
1403715335312143104
1403715335362142976
1403715335412143104
1403715335462142976
1403715335512143104
1403715335562142976
1403715335612143104
1403715335662142976
1403715335712143104
1403715335762142976
1403715335812143104
1403715335862142976
1403715335912143104
1403715335962142976
1403715336012143104
1403715336062142976
1403715336112143104
1403715336162142976
1403715336212143104
1403715336262142976
1403715336312143104
1403715336362142976
1403715336412143104
1403715336462142976
1403715336512143104
1403715336562142976
1403715336612143104
1403715336662142976
1403715336712143104
1403715336762142976
1403715336812143104
1403715336862142976
1403715336912143104
1403715336962142976
1403715337012143104
1403715337062142976
1403715337112143104
1403715337162142976
1403715337212143104
1403715337262142976
1403715337312143104
1403715337362142976
1403715337412143104
1403715337462142976
1403715337512143104
1403715337562142976
1403715337612143104
1403715337662142976
1403715337712143104
1403715337762142976
1403715337812143104
1403715337862142976
1403715337912143104
1403715337962142976
1403715338012143104
1403715338062142976
1403715338112143104
1403715338162142976
1403715338212143104
1403715338262142976
1403715338312143104
1403715338362142976
1403715338412143104
1403715338462142976
1403715338512143104
1403715338562142976
1403715338612143104
1403715338662142976
1403715338712143104
1403715338762142976
1403715338812143104
1403715338862142976
1403715338912143104
1403715338962142976
1403715339012143104
1403715339062142976
1403715339112143104
1403715339162142976
1403715339212143104
1403715339262142976
1403715339312143104
1403715339362142976
1403715339412143104
1403715339462142976
1403715339512143104
1403715339562142976
1403715339612143104
1403715339662142976
1403715339712143104
1403715339762142976
1403715339812143104
1403715339862142976
1403715339912143104
1403715339962142976
1403715340012143104
1403715340062142976
1403715340112143104
1403715340162142976
1403715340212143104
1403715340262142976
1403715340312143104
1403715340362142976
1403715340412143104
1403715340462142976
1403715340512143104
1403715340562142976
1403715340612143104
1403715340662142976
1403715340712143104
1403715340762142976
1403715340812143104
1403715340862142976
1403715340912143104
1403715340962142976
1403715341012143104
1403715341062142976
1403715341112143104
1403715341162142976
1403715341212143104
1403715341262142976
1403715341312143104
1403715341362142976
1403715341412143104
1403715341462142976
1403715341512143104
1403715341562142976
1403715341612143104
1403715341662142976
1403715341712143104
1403715341762142976
1403715341812143104
1403715341862142976
1403715341912143104
1403715341962142976
1403715342012143104
1403715342062142976
1403715342112143104
1403715342162142976
1403715342212143104
1403715342262142976
1403715342312143104
1403715342362142976
1403715342412143104
1403715342462142976
1403715342512143104
1403715342562142976
1403715342612143104
1403715342662142976
1403715342712143104
1403715342762142976
1403715342812143104
1403715342862142976
1403715342912143104
1403715342962142976
1403715343012143104
1403715343062142976
1403715343112143104
1403715343162142976
1403715343212143104
1403715343262142976
1403715343312143104
1403715343362142976
1403715343412143104
1403715343462142976
1403715343512143104
1403715343562142976
1403715343612143104
1403715343662142976
1403715343712143104
1403715343762142976
1403715343812143104
1403715343862142976
1403715343912143104
1403715343962142976
1403715344012143104
1403715344062142976
1403715344112143104
1403715344162142976
1403715344212143104
1403715344262142976
1403715344312143104
1403715344362142976
1403715344412143104
1403715344462142976
1403715344512143104
1403715344562142976
1403715344612143104
1403715344662142976
1403715344712143104
1403715344762142976
1403715344812143104
1403715344862142976
1403715344912143104
1403715344962142976
1403715345012143104
1403715345062142976
1403715345112143104
1403715345162142976
1403715345212143104
1403715345262142976
1403715345312143104
1403715345362142976
1403715345412143104
1403715345462142976
1403715345512143104
1403715345562142976
1403715345612143104
1403715345662142976
1403715345712143104
1403715345762142976
1403715345812143104
1403715345862142976
1403715345912143104
1403715345962142976
1403715346012143104
1403715346062142976
1403715346112143104
1403715346162142976
1403715346212143104
1403715346262142976
1403715346312143104
1403715346362142976
1403715346412143104
1403715346462142976
1403715346512143104
1403715346562142976
1403715346612143104
1403715346662142976
1403715346712143104
1403715346762142976
1403715346812143104
1403715346862142976
1403715346912143104
1403715346962142976
1403715347012143104
1403715347062142976
1403715347112143104
1403715347162142976
1403715347212143104
1403715347262142976
1403715347312143104
1403715347362142976
1403715347412143104
1403715347462142976
1403715347512143104
1403715347562142976
1403715347612143104
1403715347662142976
1403715347712143104
1403715347762142976
1403715347812143104
1403715347862142976
1403715347912143104
1403715347962142976
1403715348012143104
1403715348062142976
1403715348112143104
1403715348162142976
1403715348212143104
1403715348262142976
1403715348312143104
1403715348362142976
1403715348412143104
1403715348462142976
1403715348512143104
1403715348562142976
1403715348612143104
1403715348662142976
1403715348712143104
1403715348762142976
1403715348812143104
1403715348862142976
1403715348912143104
1403715348962142976
1403715349012143104
1403715349062142976
1403715349112143104
1403715349162142976
1403715349212143104
1403715349262142976
1403715349312143104
1403715349362142976
1403715349412143104
1403715349462142976
1403715349512143104
1403715349562142976
1403715349612143104
1403715349662142976
1403715349712143104
1403715349762142976
1403715349812143104
1403715349862142976
1403715349912143104
1403715349962142976
1403715350012143104
1403715350062142976
1403715350112143104
1403715350162142976
1403715350212143104
1403715350262142976
1403715350312143104
1403715350362142976
1403715350412143104
1403715350462142976
1403715350512143104
1403715350562142976
1403715350612143104
1403715350662142976
1403715350712143104
1403715350762142976
1403715350812143104
1403715350862142976
1403715350912143104
1403715350962142976
1403715351012143104
1403715351062142976
1403715351112143104
1403715351162142976
1403715351212143104
1403715351262142976
1403715351312143104
1403715351362142976
1403715351412143104
1403715351462142976
1403715351512143104
1403715351562142976
1403715351612143104
1403715351662142976
1403715351712143104
1403715351762142976
1403715351812143104
1403715351862142976
1403715351912143104
1403715351962142976
1403715352012143104
1403715352062142976
1403715352112143104
1403715352162142976
1403715352212143104
1403715352262142976
1403715352312143104
1403715352362142976
1403715352412143104
1403715352462142976
1403715352512143104
1403715352562142976
1403715352612143104
1403715352662142976
1403715352712143104
1403715352762142976
1403715352812143104
1403715352862142976
1403715352912143104
1403715352962142976
1403715353012143104
1403715353062142976
1403715353112143104
1403715353162142976
1403715353212143104
1403715353262142976
1403715353312143104
1403715353362142976
1403715353412143104
1403715353462142976
1403715353512143104
1403715353562142976
1403715353612143104
1403715353662142976
1403715353712143104
1403715353762142976
1403715353812143104
1403715353862142976
1403715353912143104
1403715353962142976
1403715354012143104
1403715354062142976
1403715354112143104
1403715354162142976
1403715354212143104
1403715354262142976
1403715354312143104
1403715354362142976
1403715354412143104
1403715354462142976
1403715354512143104
1403715354562142976
1403715354612143104
1403715354662142976
1403715354712143104
1403715354762142976
1403715354812143104
1403715354862142976
1403715354912143104
1403715354962142976
1403715355012143104
1403715355062142976
1403715355112143104
1403715355162142976
1403715355212143104
1403715355262142976
1403715355312143104
1403715355362142976
1403715355412143104
1403715355462142976
1403715355512143104
1403715355562142976
1403715355612143104
1403715355662142976
1403715355712143104
1403715355762142976
1403715355812143104
1403715355862142976
1403715355912143104
1403715355962142976
1403715356012143104
1403715356062142976
1403715356112143104
1403715356162142976
1403715356212143104
1403715356262142976
1403715356312143104
1403715356362142976
1403715356412143104
1403715356462142976
1403715356512143104
1403715356562142976
1403715356612143104
1403715356662142976
1403715356712143104
1403715356762142976
1403715356812143104
1403715356862142976
1403715356912143104
1403715356962142976
1403715357012143104
1403715357062142976
1403715357112143104
1403715357162142976
1403715357212143104
1403715357262142976
1403715357312143104
1403715357362142976
1403715357412143104
1403715357462142976
1403715357512143104
1403715357562142976
1403715357612143104
1403715357662142976
1403715357712143104
1403715357762142976
1403715357812143104
1403715357862142976
1403715357912143104
1403715357962142976
1403715358012143104
1403715358062142976
1403715358112143104
1403715358162142976
1403715358212143104
1403715358262142976
1403715358312143104
1403715358362142976
1403715358412143104
1403715358462142976
1403715358512143104
1403715358562142976
1403715358612143104
1403715358662142976
1403715358712143104
1403715358762142976
1403715358812143104
1403715358862142976
1403715358912143104
1403715358962142976
1403715359012143104
1403715359062142976
1403715359112143104
1403715359162142976
1403715359212143104
1403715359262142976
1403715359312143104
1403715359362142976
1403715359412143104
1403715359462142976
1403715359512143104
1403715359562142976
1403715359612143104
1403715359662142976
1403715359712143104
1403715359762142976
1403715359812143104
1403715359862142976
1403715359912143104
1403715359962142976
1403715360012143104
1403715360062142976
1403715360112143104
1403715360162142976
1403715360212143104
1403715360262142976
1403715360312143104
1403715360362142976
1403715360412143104
1403715360462142976
1403715360512143104
1403715360562142976
1403715360612143104
1403715360662142976
1403715360712143104
1403715360762142976
1403715360812143104
1403715360862142976
1403715360912143104
1403715360962142976
1403715361012143104
1403715361062142976
1403715361112143104
1403715361162142976
1403715361212143104
1403715361262142976
1403715361312143104
1403715361362142976
1403715361412143104
1403715361462142976
1403715361512143104
1403715361562142976
1403715361612143104
1403715361662142976
1403715361712143104
1403715361762142976
1403715361812143104
1403715361862142976
1403715361912143104
1403715361962142976
1403715362012143104
1403715362062142976
1403715362112143104
1403715362162142976
1403715362212143104
1403715362262142976
1403715362312143104
1403715362362142976
1403715362412143104
1403715362462142976
1403715362512143104
1403715362562142976
1403715362612143104
1403715362662142976
1403715362712143104
1403715362762142976
1403715362812143104
1403715362862142976
1403715362912143104
1403715362962142976
1403715363012143104
1403715363062142976
1403715363112143104
1403715363162142976
1403715363212143104
1403715363262142976
1403715363312143104
1403715363362142976
1403715363412143104
1403715363462142976
1403715363512143104
1403715363562142976
1403715363612143104
1403715363662142976
1403715363712143104
1403715363762142976
1403715363812143104
1403715363862142976
1403715363912143104
1403715363962142976
1403715364012143104
1403715364062142976
1403715364112143104
1403715364162142976
1403715364212143104
1403715364262142976
1403715364312143104
1403715364362142976
1403715364412143104
1403715364462142976
1403715364512143104
1403715364562142976
1403715364612143104
1403715364662142976
1403715364712143104
1403715364762142976
1403715364812143104
1403715364862142976
1403715364912143104
1403715364962142976
1403715365012143104
1403715365062142976
1403715365112143104
1403715365162142976
1403715365212143104
1403715365262142976
1403715365312143104
1403715365362142976
1403715365412143104
1403715365462142976
1403715365512143104
1403715365562142976
1403715365612143104
1403715365662142976
1403715365712143104
1403715365762142976
1403715365812143104
1403715365862142976
1403715365912143104
1403715365962142976
1403715366012143104
1403715366062142976
1403715366112143104
1403715366162142976
1403715366212143104
1403715366262142976
1403715366312143104
1403715366362142976
1403715366412143104
1403715366462142976
1403715366512143104
1403715366562142976
1403715366612143104
1403715366662142976
1403715366712143104
1403715366762142976
1403715366812143104
1403715366862142976
1403715366912143104
1403715366962142976
1403715367012143104
1403715367062142976
1403715367112143104
1403715367162142976
1403715367212143104
1403715367262142976
1403715367312143104
1403715367362142976
1403715367412143104
1403715367462142976
1403715367512143104
1403715367562142976
1403715367612143104
1403715367662142976
1403715367712143104
1403715367762142976
1403715367812143104
1403715367862142976
1403715367912143104
1403715367962142976
1403715368012143104
1403715368062142976
1403715368112143104
1403715368162142976
1403715368212143104
1403715368262142976
1403715368312143104
1403715368362142976
1403715368412143104
1403715368462142976
1403715368512143104
1403715368562142976
1403715368612143104
1403715368662142976
1403715368712143104
1403715368762142976
1403715368812143104
1403715368862142976
1403715368912143104
1403715368962142976
1403715369012143104
1403715369062142976
1403715369112143104
1403715369162142976
1403715369212143104
1403715369262142976
1403715369312143104
1403715369362142976
1403715369412143104
1403715369462142976
1403715369512143104
1403715369562142976
1403715369612143104
1403715369662142976
1403715369712143104
1403715369762142976
1403715369812143104
1403715369862142976
1403715369912143104
1403715369962142976
1403715370012143104
1403715370062142976
1403715370112143104
1403715370162142976
1403715370212143104
1403715370262142976
1403715370312143104
1403715370362142976
1403715370412143104
1403715370462142976
1403715370512143104
1403715370562142976
1403715370612143104
1403715370662142976
1403715370712143104
1403715370762142976
1403715370812143104
1403715370862142976
1403715370912143104
1403715370962142976
1403715371012143104
1403715371062142976
1403715371112143104
1403715371162142976
1403715371212143104
1403715371262142976
1403715371312143104
1403715371362142976
1403715371412143104
1403715371462142976
1403715371512143104
1403715371562142976
1403715371612143104
1403715371662142976
1403715371712143104
1403715371762142976
1403715371812143104
1403715371862142976
1403715371912143104
1403715371962142976
1403715372012143104
1403715372062142976
1403715372112143104
1403715372162142976
1403715372212143104
1403715372262142976
1403715372312143104
1403715372362142976
1403715372412143104
1403715372462142976
1403715372512143104
1403715372562142976
1403715372612143104
1403715372662142976
1403715372712143104
1403715372762142976
1403715372812143104
1403715372862142976
1403715372912143104
1403715372962142976
1403715373012143104
1403715373062142976
1403715373112143104
1403715373162142976
1403715373212143104
1403715373262142976
1403715373312143104
1403715373362142976
1403715373412143104
1403715373462142976
1403715373512143104
1403715373562142976
1403715373612143104
1403715373662142976
1403715373712143104
1403715373762142976
1403715373812143104
1403715373862142976
1403715373912143104
1403715373962142976
1403715374012143104
1403715374062142976
1403715374112143104
1403715374162142976
1403715374212143104
1403715374262142976
1403715374312143104
1403715374362142976
1403715374412143104
1403715374462142976
1403715374512143104
1403715374562142976
1403715374612143104
1403715374662142976
1403715374712143104
1403715374762142976
1403715374812143104
1403715374862142976
1403715374912143104
1403715374962142976
1403715375012143104
1403715375062142976
1403715375112143104
1403715375162142976
1403715375212143104
1403715375262142976
1403715375312143104
1403715375362142976
1403715375412143104
1403715375462142976
1403715375512143104
1403715375562142976
1403715375612143104
1403715375662142976
1403715375712143104
1403715375762142976
1403715375812143104
1403715375862142976
1403715375912143104
1403715375962142976
1403715376012143104
1403715376062142976
1403715376112143104
1403715376162142976
1403715376212143104
1403715376262142976
1403715376312143104
1403715376362142976
1403715376412143104
1403715376462142976
1403715376512143104
1403715376562142976
1403715376612143104
1403715376662142976
1403715376712143104
1403715376762142976
1403715376812143104
1403715376862142976
1403715376912143104
1403715376962142976
1403715377012143104
1403715377062142976
1403715377112143104
1403715377162142976
1403715377212143104
1403715377262142976
1403715377312143104
1403715377362142976
1403715377412143104
1403715377462142976
1403715377512143104
1403715377562142976
1403715377612143104
1403715377662142976
1403715377712143104
1403715377762142976
1403715377812143104
1403715377862142976
1403715377912143104
1403715377962142976
1403715378012143104
1403715378062142976
1403715378112143104
1403715378162142976
1403715378212143104
1403715378262142976
1403715378312143104
1403715378362142976
1403715378412143104
1403715378462142976
1403715378512143104
1403715378562142976
1403715378612143104
1403715378662142976
1403715378712143104
1403715378762142976
1403715378812143104
1403715378862142976
1403715378912143104
1403715378962142976
1403715379012143104
1403715379062142976
1403715379112143104
1403715379162142976
1403715379212143104
1403715379262142976
1403715379312143104
1403715379362142976
1403715379412143104
1403715379462142976
1403715379512143104
1403715379562142976
1403715379612143104
1403715379662142976
1403715379712143104
1403715379762142976
1403715379812143104
1403715379862142976
1403715379912143104
1403715379962142976
1403715380012143104
1403715380062142976
1403715380112143104
1403715380162142976
1403715380212143104
1403715380262142976
1403715380312143104
1403715380362142976
1403715380412143104
1403715380462142976
1403715380512143104
1403715380562142976
1403715380612143104
1403715380662142976
1403715380712143104
1403715380762142976
1403715380812143104
1403715380862142976
1403715380912143104
1403715380962142976
1403715381012143104
1403715381062142976
1403715381112143104
1403715381162142976
1403715381212143104
1403715381262142976
1403715381312143104
1403715381362142976
1403715381412143104
1403715381462142976
1403715381512143104
1403715381562142976
1403715381612143104
1403715381662142976
1403715381712143104
1403715381762142976
1403715381812143104
1403715381862142976
1403715381912143104
1403715381962142976
1403715382012143104
1403715382062142976
1403715382112143104
1403715382162142976
1403715382212143104
1403715382262142976
1403715382312143104
1403715382362142976
1403715382412143104
1403715382462142976
1403715382512143104
1403715382562142976
1403715382612143104
1403715382662142976
1403715382712143104
1403715382762142976
1403715382812143104
1403715382862142976
1403715382912143104
1403715382962142976
1403715383012143104
1403715383062142976
1403715383112143104
1403715383162142976
1403715383212143104
1403715383262142976
1403715383312143104
1403715383362142976
1403715383412143104
1403715383462142976
1403715383512143104
1403715383562142976
1403715383612143104
1403715383662142976
1403715383712143104
1403715383762142976
1403715383812143104
1403715383862142976
1403715383912143104
1403715383962142976
1403715384012143104
1403715384062142976
1403715384112143104
1403715384162142976
1403715384212143104
1403715384262142976
1403715384312143104
1403715384362142976
1403715384412143104
1403715384462142976
1403715384512143104
1403715384562142976
1403715384612143104
1403715384662142976
1403715384712143104
1403715384762142976
1403715384812143104
1403715384862142976
1403715384912143104
1403715384962142976
1403715385012143104
1403715385062142976
1403715385112143104
1403715385162142976
1403715385212143104
1403715385262142976
1403715385312143104
1403715385362142976
1403715385412143104
1403715385462142976
1403715385512143104
1403715385562142976
1403715385612143104
1403715385662142976
1403715385712143104
1403715385762142976
1403715385812143104
1403715385862142976
1403715385912143104
1403715385962142976
1403715386012143104
1403715386062142976
1403715386112143104
1403715386162142976
1403715386212143104
1403715386262142976
1403715386312143104
1403715386362142976
1403715386412143104
1403715386462142976
1403715386512143104
1403715386562142976
1403715386612143104
1403715386662142976
1403715386712143104
1403715386762142976
1403715386812143104
1403715386862142976
1403715386912143104
1403715386962142976
1403715387012143104
1403715387062142976
1403715387112143104
1403715387162142976
1403715387212143104
1403715387262142976
1403715387312143104
1403715387362142976
1403715387412143104
1403715387462142976
1403715387512143104
1403715387562142976
1403715387612143104
1403715387662142976
1403715387712143104
1403715387762142976
1403715387812143104
1403715387862142976
1403715387912143104
1403715387962142976
1403715388012143104
1403715388062142976
1403715388112143104
1403715388162142976
1403715388212143104
1403715388262142976
1403715388312143104
1403715388362142976
1403715388412143104
1403715388462142976
1403715388512143104
1403715388562142976
1403715388612143104
1403715388662142976
1403715388712143104
1403715388762142976
1403715388812143104
1403715388862142976
1403715388912143104
1403715388962142976
1403715389012143104
1403715389062142976
1403715389112143104
1403715389162142976
1403715389212143104
1403715389262142976
1403715389312143104
1403715389362142976
1403715389412143104
1403715389462142976
1403715389512143104
1403715389562142976
1403715389612143104
1403715389662142976
1403715389712143104
1403715389762142976
1403715389812143104
1403715389862142976
1403715389912143104
1403715389962142976
1403715390012143104
1403715390062142976
1403715390112143104
1403715390162142976
1403715390212143104
1403715390262142976
1403715390312143104
1403715390362142976
1403715390412143104
1403715390462142976
1403715390512143104
1403715390562142976
1403715390612143104
1403715390662142976
1403715390712143104
1403715390762142976
1403715390812143104
1403715390862142976
1403715390912143104
1403715390962142976
1403715391012143104
1403715391062142976
1403715391112143104
1403715391162142976
1403715391212143104
1403715391262142976
1403715391312143104
1403715391362142976
1403715391412143104
1403715391462142976
1403715391512143104
1403715391562142976
1403715391612143104
1403715391662142976
1403715391712143104
1403715391762142976
1403715391812143104
1403715391862142976
1403715391912143104
1403715391962142976
1403715392012143104
1403715392062142976
1403715392112143104
1403715392162142976
1403715392212143104
1403715392262142976
1403715392312143104
1403715392362142976
1403715392412143104
1403715392462142976
1403715392512143104
1403715392562142976
1403715392612143104
1403715392662142976
1403715392712143104
1403715392762142976
1403715392812143104
1403715392862142976
1403715392912143104
1403715392962142976
1403715393012143104
1403715393062142976
1403715393112143104
1403715393162142976
1403715393212143104
1403715393262142976
1403715393312143104
1403715393362142976
1403715393412143104
1403715393462142976
1403715393512143104
1403715393562142976
1403715393612143104
1403715393662142976
1403715393712143104
1403715393762142976
1403715393812143104
1403715393862142976
1403715393912143104
1403715393962142976
1403715394012143104
1403715394062142976
1403715394112143104
1403715394162142976
1403715394212143104
1403715394262142976
1403715394312143104
1403715394362142976
1403715394412143104
1403715394462142976
1403715394512143104
1403715394562142976
1403715394612143104
1403715394662142976
1403715394712143104
1403715394762142976
1403715394812143104
1403715394862142976
1403715394912143104
1403715394962142976
1403715395012143104
1403715395062142976
1403715395112143104
1403715395162142976
1403715395212143104
1403715395262142976
1403715395312143104
1403715395362142976
1403715395412143104
1403715395462142976
1403715395512143104
1403715395562142976
1403715395612143104
1403715395662142976
1403715395712143104
1403715395762142976
1403715395812143104
1403715395862142976
1403715395912143104
1403715395962142976
1403715396012143104
1403715396062142976
1403715396112143104
1403715396162142976
1403715396212143104
1403715396262142976
1403715396312143104
1403715396362142976
1403715396412143104
1403715396462142976
1403715396512143104
1403715396562142976
1403715396612143104
1403715396662142976
1403715396712143104
1403715396762142976
1403715396812143104
1403715396862142976
1403715396912143104
1403715396962142976
1403715397012143104
1403715397062142976
1403715397112143104
1403715397162142976
1403715397212143104
1403715397262142976
1403715397312143104
1403715397362142976
1403715397412143104
1403715397462142976
1403715397512143104
1403715397562142976
1403715397612143104
1403715397662142976
1403715397712143104
1403715397762142976
1403715397812143104
1403715397862142976
1403715397912143104
1403715397962142976
1403715398012143104
1403715398062142976
1403715398112143104
1403715398162142976
1403715398212143104
1403715398262142976
1403715398312143104
1403715398362142976
1403715398412143104
1403715398462142976
1403715398512143104
1403715398562142976
1403715398612143104
1403715398662142976
1403715398712143104
1403715398762142976
1403715398812143104
1403715398862142976
1403715398912143104
1403715398962142976
1403715399012143104
1403715399062142976
1403715399112143104
1403715399162142976
1403715399212143104
1403715399262142976
1403715399312143104
1403715399362142976
1403715399412143104
1403715399462142976
1403715399512143104
1403715399562142976
1403715399612143104
1403715399662142976
1403715399712143104
1403715399762142976
1403715399812143104
1403715399862142976
1403715399912143104
1403715399962142976
1403715400012143104
1403715400062142976
1403715400112143104
1403715400162142976
1403715400212143104
1403715400262142976
1403715400312143104
1403715400362142976
1403715400412143104
1403715400462142976
1403715400512143104
1403715400562142976
1403715400612143104
1403715400662142976
1403715400712143104
1403715400762142976
1403715400812143104
1403715400862142976
1403715400912143104
1403715400962142976
1403715401012143104
1403715401062142976
1403715401112143104
1403715401162142976
1403715401212143104
1403715401262142976
1403715401312143104
1403715401362142976
1403715401412143104
1403715401462142976
1403715401512143104
1403715401562142976
1403715401612143104
1403715401662142976
1403715401712143104
1403715401762142976
1403715401812143104
1403715401862142976
1403715401912143104
1403715401962142976
1403715402012143104
1403715402062142976
1403715402112143104
1403715402162142976
1403715402212143104
1403715402262142976
1403715402312143104
1403715402362142976
1403715402412143104
1403715402462142976
1403715402512143104
1403715402562142976
1403715402612143104
1403715402662142976
1403715402712143104
1403715402762142976
1403715402812143104
1403715402862142976
1403715402912143104
1403715402962142976
1403715403012143104
1403715403062142976
1403715403112143104
1403715403162142976
1403715403212143104
1403715403262142976
1403715403312143104
1403715403362142976
1403715403412143104
1403715403462142976
1403715403512143104
1403715403562142976
1403715403612143104
1403715403662142976
1403715403712143104
1403715403762142976
1403715403812143104
1403715403862142976
1403715403912143104
1403715403962142976
1403715404012143104
1403715404062142976
1403715404112143104
1403715404162142976
1403715404212143104
1403715404262142976
1403715404312143104
1403715404362142976
1403715404412143104
1403715404462142976
1403715404512143104
1403715404562142976
1403715404612143104
1403715404662142976
1403715404712143104
1403715404762142976
1403715404812143104
1403715404862142976
1403715404912143104
1403715404962142976
1403715405012143104
1403715405062142976
1403715405112143104
1403715405162142976
1403715405212143104
1403715405262142976
1403715405312143104
1403715405362142976
1403715405412143104
1403715405462142976
1403715405512143104
1403715405562142976
1403715405612143104
1403715405662142976
1403715405712143104
1403715405762142976
1403715405812143104
1403715405862142976
1403715405912143104
1403715405962142976
1403715406012143104
1403715406062142976
1403715406112143104
1403715406162142976
1403715406212143104
1403715406262142976
1403715406312143104
1403715406362142976
1403715406412143104
1403715406462142976
1403715406512143104
1403715406562142976
1403715406612143104
1403715406662142976
1403715406712143104
1403715406762142976
1403715406812143104
1403715406862142976
1403715406912143104
1403715406962142976
1403715407012143104
1403715407062142976
1403715407112143104
1403715407162142976
1403715407212143104
1403715407262142976
1403715407312143104
1403715407362142976
1403715407412143104
1403715407462142976
1403715407512143104
1403715407562142976
1403715407612143104
1403715407662142976
1403715407712143104
1403715407762142976
1403715407812143104
1403715407862142976
1403715407912143104
1403715407962142976
1403715408012143104
1403715408062142976
1403715408112143104
1403715408162142976
1403715408212143104
1403715408262142976
1403715408312143104
1403715408362142976
1403715408412143104
1403715408462142976
1403715408512143104
1403715408562142976
1403715408612143104
1403715408662142976
1403715408712143104
1403715408762142976
1403715408812143104
1403715408862142976
1403715408912143104
1403715408962142976
1403715409012143104
1403715409062142976
1403715409112143104
1403715409162142976
1403715409212143104
1403715409262142976
1403715409312143104
1403715409362142976
1403715409412143104
1403715409462142976
1403715409512143104
1403715409562142976
1403715409612143104
1403715409662142976
1403715409712143104
1403715409762142976
1403715409812143104
1403715409862142976
1403715409912143104
1403715409962142976
1403715410012143104
1403715410062142976
1403715410112143104
1403715410162142976
1403715410212143104
1403715410262142976
1403715410312143104
1403715410362142976
1403715410412143104
1403715410462142976
1403715410512143104
1403715410562142976
1403715410612143104
1403715410662142976
1403715410712143104
1403715410762142976
1403715410812143104
1403715410862142976
1403715410912143104
1403715410962142976
1403715411012143104
1403715411062142976
1403715411112143104
1403715411162142976
1403715411212143104
1403715411262142976
1403715411312143104
1403715411362142976
1403715411412143104
1403715411462142976
1403715411512143104
1403715411562142976
1403715411612143104
1403715411662142976
1403715411712143104
1403715411762142976
1403715411812143104
1403715411862142976
1403715411912143104
1403715411962142976
1403715412012143104
1403715412062142976
1403715412112143104
1403715412162142976
1403715412212143104
1403715412262142976
1403715412312143104
1403715412362142976
1403715412412143104
1403715412462142976
1403715412512143104
1403715412562142976
1403715412612143104
1403715412662142976
1403715412712143104
1403715412762142976
1403715412812143104
1403715412862142976
1403715412912143104
1403715412962142976
1403715413012143104
1403715413062142976
1403715413112143104
1403715413162142976
1403715413212143104
1403715413262142976
1403715413312143104
1403715413362142976
1403715413412143104
1403715413462142976
1403715413512143104
1403715413562142976
1403715413612143104
1403715413662142976
1403715413712143104
1403715413762142976
1403715413812143104
1403715413862142976
1403715413912143104
1403715413962142976
1403715414012143104
1403715414062142976
1403715414112143104
1403715414162142976
1403715414212143104
1403715414262142976
1403715414312143104
1403715414362142976
1403715414412143104
1403715414462142976
1403715414512143104
1403715414562142976
1403715414612143104
1403715414662142976
1403715414712143104
1403715414762142976
1403715414812143104
1403715414862142976
1403715414912143104
1403715414962142976
1403715415012143104
1403715415062142976
1403715415112143104
1403715415162142976
1403715415212143104
1403715415262142976
1403715415312143104
1403715415362142976
1403715415412143104
1403715415462142976
1403715415512143104
1403715415562142976
1403715415612143104
1403715415662142976
1403715415712143104
1403715415762142976
1403715415812143104
1403715415862142976
1403715415912143104
1403715415962142976
1403715416012143104
1403715416062142976
1403715416112143104
1403715416162142976
1403715416212143104
1403715416262142976
1403715416312143104
1403715416362142976
1403715416412143104
1403715416462142976
1403715416512143104
1403715416562142976
1403715416612143104
1403715416662142976
1403715416712143104
1403715416762142976
1403715416812143104
1403715416862142976
1403715416912143104
1403715416962142976
1403715417012143104
1403715417062142976
1403715417112143104
1403715417162142976
1403715417212143104
1403715417262142976
1403715417312143104
1403715417362142976
1403715417412143104
1403715417462142976
1403715417512143104
1403715417562142976
1403715417612143104
1403715417662142976
1403715417712143104
1403715417762142976
1403715417812143104
1403715417862142976
1403715417912143104
1403715417962142976
1403715418012143104
1403715418062142976
1403715418112143104
1403715418162142976
1403715418212143104
1403715418262142976
1403715418312143104
1403715418362142976
1403715418412143104
1403715418462142976
1403715418512143104
1403715418562142976
1403715418612143104
1403715418662142976
1403715418712143104
1403715418762142976
1403715418812143104
