1403715523912143104
1403715523962142976
1403715524012143104
1403715524062142976
1403715524112143104
1403715524162142976
1403715524212143104
1403715524262142976
1403715524312143104
1403715524362142976
1403715524412143104
1403715524462142976
1403715524512143104
1403715524562142976
1403715524612143104
1403715524662142976
1403715524712143104
1403715524762142976
1403715524812143104
1403715524862142976
1403715524912143104
1403715524962142976
1403715525012143104
1403715525062142976
1403715525112143104
1403715525162142976
1403715525212143104
1403715525262142976
1403715525312143104
1403715525362142976
1403715525412143104
1403715525462142976
1403715525512143104
1403715525562142976
1403715525612143104
1403715525662142976
1403715525712143104
1403715525762142976
1403715525812143104
1403715525862142976
1403715525912143104
1403715525962142976
1403715526012143104
1403715526062142976
1403715526112143104
1403715526162142976
1403715526212143104
1403715526262142976
1403715526312143104
1403715526362142976
1403715526412143104
1403715526462142976
1403715526512143104
1403715526562142976
1403715526612143104
1403715526662142976
1403715526712143104
1403715526762142976
1403715526812143104
1403715526862142976
1403715526912143104
1403715526962142976
1403715527012143104
1403715527062142976
1403715527112143104
1403715527162142976
1403715527212143104
1403715527262142976
1403715527312143104
1403715527362142976
1403715527412143104
1403715527462142976
1403715527512143104
1403715527562142976
1403715527612143104
1403715527662142976
1403715527712143104
1403715527762142976
1403715527812143104
1403715527862142976
1403715527912143104
1403715527962142976
1403715528012143104
1403715528062142976
1403715528112143104
1403715528162142976
1403715528212143104
1403715528262142976
1403715528312143104
1403715528362142976
1403715528412143104
1403715528462142976
1403715528512143104
1403715528562142976
1403715528612143104
1403715528662142976
1403715528712143104
1403715528762142976
1403715528812143104
1403715528862142976
1403715528912143104
1403715528962142976
1403715529012143104
1403715529062142976
1403715529112143104
1403715529162142976
1403715529212143104
1403715529262142976
1403715529312143104
1403715529362142976
1403715529412143104
1403715529462142976
1403715529512143104
1403715529562142976
1403715529612143104
1403715529662142976
1403715529712143104
1403715529762142976
1403715529812143104
1403715529862142976
1403715529912143104
1403715529962142976
1403715530012143104
1403715530062142976
1403715530112143104
1403715530162142976
1403715530212143104
1403715530262142976
1403715530312143104
1403715530362142976
1403715530412143104
1403715530462142976
1403715530512143104
1403715530562142976
1403715530612143104
1403715530662142976
1403715530712143104
1403715530762142976
1403715530812143104
1403715530862142976
1403715530912143104
1403715530962142976
1403715531012143104
1403715531062142976
1403715531112143104
1403715531162142976
1403715531212143104
1403715531262142976
1403715531312143104
1403715531362142976
1403715531412143104
1403715531462142976
1403715531512143104
1403715531562142976
1403715531612143104
1403715531662142976
1403715531712143104
1403715531762142976
1403715531812143104
1403715531862142976
1403715531912143104
1403715531962142976
1403715532012143104
1403715532062142976
1403715532112143104
1403715532162142976
1403715532212143104
1403715532262142976
1403715532312143104
1403715532362142976
1403715532412143104
1403715532462142976
1403715532512143104
1403715532562142976
1403715532612143104
1403715532662142976
1403715532712143104
1403715532762142976
1403715532812143104
1403715532862142976
1403715532912143104
1403715532962142976
1403715533012143104
1403715533062142976
1403715533112143104
1403715533162142976
1403715533212143104
1403715533262142976
1403715533312143104
1403715533362142976
1403715533412143104
1403715533462142976
1403715533512143104
1403715533562142976
1403715533612143104
1403715533662142976
1403715533712143104
1403715533762142976
1403715533812143104
1403715533862142976
1403715533912143104
1403715533962142976
1403715534012143104
1403715534062142976
1403715534112143104
1403715534162142976
1403715534212143104
1403715534262142976
1403715534312143104
1403715534362142976
1403715534412143104
1403715534462142976
1403715534512143104
1403715534562142976
1403715534612143104
1403715534662142976
1403715534712143104
1403715534762142976
1403715534812143104
1403715534862142976
1403715534912143104
1403715534962142976
1403715535012143104
1403715535062142976
1403715535112143104
1403715535162142976
1403715535212143104
1403715535262142976
1403715535312143104
1403715535362142976
1403715535412143104
1403715535462142976
1403715535512143104
1403715535562142976
1403715535612143104
1403715535662142976
1403715535712143104
1403715535762142976
1403715535812143104
1403715535862142976
1403715535912143104
1403715535962142976
1403715536012143104
1403715536062142976
1403715536112143104
1403715536162142976
1403715536212143104
1403715536262142976
1403715536312143104
1403715536362142976
1403715536412143104
1403715536462142976
1403715536512143104
1403715536562142976
1403715536612143104
1403715536662142976
1403715536712143104
1403715536762142976
1403715536812143104
1403715536862142976
1403715536912143104
1403715536962142976
1403715537012143104
1403715537062142976
1403715537112143104
1403715537162142976
1403715537212143104
1403715537262142976
1403715537312143104
1403715537362142976
1403715537412143104
1403715537462142976
1403715537512143104
1403715537562142976
1403715537612143104
1403715537662142976
1403715537712143104
1403715537762142976
1403715537812143104
1403715537862142976
1403715537912143104
1403715537962142976
1403715538012143104
1403715538062142976
1403715538112143104
1403715538162142976
1403715538212143104
1403715538262142976
1403715538312143104
1403715538362142976
1403715538412143104
1403715538462142976
1403715538512143104
1403715538562142976
1403715538612143104
1403715538662142976
1403715538712143104
1403715538762142976
1403715538812143104
1403715538862142976
1403715538912143104
1403715538962142976
1403715539012143104
1403715539062142976
1403715539112143104
1403715539162142976
1403715539212143104
1403715539262142976
1403715539312143104
1403715539362142976
1403715539412143104
1403715539462142976
1403715539512143104
1403715539562142976
1403715539612143104
1403715539662142976
1403715539712143104
1403715539762142976
1403715539812143104
1403715539862142976
1403715539912143104
1403715539962142976
1403715540012143104
1403715540062142976
1403715540112143104
1403715540162142976
1403715540212143104
1403715540262142976
1403715540312143104
1403715540362142976
1403715540412143104
1403715540462142976
1403715540512143104
1403715540562142976
1403715540612143104
1403715540662142976
1403715540712143104
1403715540762142976
1403715540812143104
1403715540862142976
1403715540912143104
1403715540962142976
1403715541012143104
1403715541062142976
1403715541112143104
1403715541162142976
1403715541212143104
1403715541262142976
1403715541312143104
1403715541362142976
1403715541412143104
1403715541462142976
1403715541512143104
1403715541562142976
1403715541612143104
1403715541662142976
1403715541712143104
1403715541762142976
1403715541812143104
1403715541862142976
1403715541912143104
1403715541962142976
1403715542012143104
1403715542062142976
1403715542112143104
1403715542162142976
1403715542212143104
1403715542262142976
1403715542312143104
1403715542362142976
1403715542412143104
1403715542462142976
1403715542512143104
1403715542562142976
1403715542612143104
1403715542662142976
1403715542712143104
1403715542762142976
1403715542812143104
1403715542862142976
1403715542912143104
1403715542962142976
1403715543012143104
1403715543062142976
1403715543112143104
1403715543162142976
1403715543212143104
1403715543262142976
1403715543312143104
1403715543362142976
1403715543412143104
1403715543462142976
1403715543512143104
1403715543562142976
1403715543612143104
1403715543662142976
1403715543712143104
1403715543762142976
1403715543812143104
1403715543862142976
1403715543912143104
1403715543962142976
1403715544012143104
1403715544062142976
1403715544112143104
1403715544162142976
1403715544212143104
1403715544262142976
1403715544312143104
1403715544362142976
1403715544412143104
1403715544462142976
1403715544512143104
1403715544562142976
1403715544612143104
1403715544662142976
1403715544712143104
1403715544762142976
1403715544812143104
1403715544862142976
1403715544912143104
1403715544962142976
1403715545012143104
1403715545062142976
1403715545112143104
1403715545162142976
1403715545212143104
1403715545262142976
1403715545312143104
1403715545362142976
1403715545412143104
1403715545462142976
1403715545512143104
1403715545562142976
1403715545612143104
1403715545662142976
1403715545712143104
1403715545762142976
1403715545812143104
1403715545862142976
1403715545912143104
1403715545962142976
1403715546012143104
1403715546062142976
1403715546112143104
1403715546162142976
1403715546212143104
1403715546262142976
1403715546312143104
1403715546362142976
1403715546412143104
1403715546462142976
1403715546512143104
1403715546562142976
1403715546612143104
1403715546662142976
1403715546712143104
1403715546762142976
1403715546812143104
1403715546862142976
1403715546912143104
1403715546962142976
1403715547012143104
1403715547062142976
1403715547112143104
1403715547162142976
1403715547212143104
1403715547262142976
1403715547312143104
1403715547362142976
1403715547412143104
1403715547462142976
1403715547512143104
1403715547562142976
1403715547612143104
1403715547662142976
1403715547712143104
1403715547762142976
1403715547812143104
1403715547862142976
1403715547912143104
1403715547962142976
1403715548012143104
1403715548062142976
1403715548112143104
1403715548162142976
1403715548212143104
1403715548262142976
1403715548312143104
1403715548362142976
1403715548412143104
1403715548462142976
1403715548512143104
1403715548562142976
1403715548612143104
1403715548662142976
1403715548712143104
1403715548762142976
1403715548812143104
1403715548862142976
1403715548912143104
1403715548962142976
1403715549012143104
1403715549062142976
1403715549112143104
1403715549162142976
1403715549212143104
1403715549262142976
1403715549312143104
1403715549362142976
1403715549412143104
1403715549462142976
1403715549512143104
1403715549562142976
1403715549612143104
1403715549662142976
1403715549712143104
1403715549762142976
1403715549812143104
1403715549862142976
1403715549912143104
1403715549962142976
1403715550012143104
1403715550062142976
1403715550112143104
1403715550162142976
1403715550212143104
1403715550262142976
1403715550312143104
1403715550362142976
1403715550412143104
1403715550462142976
1403715550512143104
1403715550562142976
1403715550612143104
1403715550662142976
1403715550712143104
1403715550762142976
1403715550812143104
1403715550862142976
1403715550912143104
1403715550962142976
1403715551012143104
1403715551062142976
1403715551112143104
1403715551162142976
1403715551212143104
1403715551262142976
1403715551312143104
1403715551362142976
1403715551412143104
1403715551462142976
1403715551512143104
1403715551562142976
1403715551612143104
1403715551662142976
1403715551712143104
1403715551762142976
1403715551812143104
1403715551862142976
1403715551912143104
1403715551962142976
1403715552012143104
1403715552062142976
1403715552112143104
1403715552162142976
1403715552212143104
1403715552262142976
1403715552312143104
1403715552362142976
1403715552412143104
1403715552462142976
1403715552512143104
1403715552562142976
1403715552612143104
1403715552662142976
1403715552712143104
1403715552762142976
1403715552812143104
1403715552862142976
1403715552912143104
1403715552962142976
1403715553012143104
1403715553062142976
1403715553112143104
1403715553162142976
1403715553212143104
1403715553262142976
1403715553312143104
1403715553362142976
1403715553412143104
1403715553462142976
1403715553512143104
1403715553562142976
1403715553612143104
1403715553662142976
1403715553712143104
1403715553762142976
1403715553812143104
1403715553862142976
1403715553912143104
1403715553962142976
1403715554012143104
1403715554062142976
1403715554112143104
1403715554162142976
1403715554212143104
1403715554262142976
1403715554312143104
1403715554362142976
1403715554412143104
1403715554462142976
1403715554512143104
1403715554562142976
1403715554612143104
1403715554662142976
1403715554712143104
1403715554762142976
1403715554812143104
1403715554862142976
1403715554912143104
1403715554962142976
1403715555012143104
1403715555062142976
1403715555112143104
1403715555162142976
1403715555212143104
1403715555262142976
1403715555312143104
1403715555362142976
1403715555412143104
1403715555462142976
1403715555512143104
1403715555562142976
1403715555612143104
1403715555662142976
1403715555712143104
1403715555762142976
1403715555812143104
1403715555862142976
1403715555912143104
1403715555962142976
1403715556012143104
1403715556062142976
1403715556112143104
1403715556162142976
1403715556212143104
1403715556262142976
1403715556312143104
1403715556362142976
1403715556412143104
1403715556462142976
1403715556512143104
1403715556562142976
1403715556612143104
1403715556662142976
1403715556712143104
1403715556762142976
1403715556812143104
1403715556862142976
1403715556912143104
1403715556962142976
1403715557012143104
1403715557062142976
1403715557112143104
1403715557162142976
1403715557212143104
1403715557262142976
1403715557312143104
1403715557362142976
1403715557412143104
1403715557462142976
1403715557512143104
1403715557562142976
1403715557612143104
1403715557662142976
1403715557712143104
1403715557762142976
1403715557812143104
1403715557862142976
1403715557912143104
1403715557962142976
1403715558012143104
1403715558062142976
1403715558112143104
1403715558162142976
1403715558212143104
1403715558262142976
1403715558312143104
1403715558362142976
1403715558412143104
1403715558462142976
1403715558512143104
1403715558562142976
1403715558612143104
1403715558662142976
1403715558712143104
1403715558762142976
1403715558812143104
1403715558862142976
1403715558912143104
1403715558962142976
1403715559012143104
1403715559062142976
1403715559112143104
1403715559162142976
1403715559212143104
1403715559262142976
1403715559312143104
1403715559362142976
1403715559412143104
1403715559462142976
1403715559512143104
1403715559562142976
1403715559612143104
1403715559662142976
1403715559712143104
1403715559762142976
1403715559812143104
1403715559862142976
1403715559912143104
1403715559962142976
1403715560012143104
1403715560062142976
1403715560112143104
1403715560162142976
1403715560212143104
1403715560262142976
1403715560312143104
1403715560362142976
1403715560412143104
1403715560462142976
1403715560512143104
1403715560562142976
1403715560612143104
1403715560662142976
1403715560712143104
1403715560762142976
1403715560812143104
1403715560862142976
1403715560912143104
1403715560962142976
1403715561012143104
1403715561062142976
1403715561112143104
1403715561162142976
1403715561212143104
1403715561262142976
1403715561312143104
1403715561362142976
1403715561412143104
1403715561462142976
1403715561512143104
1403715561562142976
1403715561612143104
1403715561662142976
1403715561712143104
1403715561762142976
1403715561812143104
1403715561862142976
1403715561912143104
1403715561962142976
1403715562012143104
1403715562062142976
1403715562112143104
1403715562162142976
1403715562212143104
1403715562262142976
1403715562312143104
1403715562362142976
1403715562412143104
1403715562462142976
1403715562512143104
1403715562562142976
1403715562612143104
1403715562662142976
1403715562712143104
1403715562762142976
1403715562812143104
1403715562862142976
1403715562912143104
1403715562962142976
1403715563012143104
1403715563062142976
1403715563112143104
1403715563162142976
1403715563212143104
1403715563262142976
1403715563312143104
1403715563362142976
1403715563412143104
1403715563462142976
1403715563512143104
1403715563562142976
1403715563612143104
1403715563662142976
1403715563712143104
1403715563762142976
1403715563812143104
1403715563862142976
1403715563912143104
1403715563962142976
1403715564012143104
1403715564062142976
1403715564112143104
1403715564162142976
1403715564212143104
1403715564262142976
1403715564312143104
1403715564362142976
1403715564412143104
1403715564462142976
1403715564512143104
1403715564562142976
1403715564612143104
1403715564662142976
1403715564712143104
1403715564762142976
1403715564812143104
1403715564862142976
1403715564912143104
1403715564962142976
1403715565012143104
1403715565062142976
1403715565112143104
1403715565162142976
1403715565212143104
1403715565262142976
1403715565312143104
1403715565362142976
1403715565412143104
1403715565462142976
1403715565512143104
1403715565562142976
1403715565612143104
1403715565662142976
1403715565712143104
1403715565762142976
1403715565812143104
1403715565862142976
1403715565912143104
1403715565962142976
1403715566012143104
1403715566062142976
1403715566112143104
1403715566162142976
1403715566212143104
1403715566262142976
1403715566312143104
1403715566362142976
1403715566412143104
1403715566462142976
1403715566512143104
1403715566562142976
1403715566612143104
1403715566662142976
1403715566712143104
1403715566762142976
1403715566812143104
1403715566862142976
1403715566912143104
1403715566962142976
1403715567012143104
1403715567062142976
1403715567112143104
1403715567162142976
1403715567212143104
1403715567262142976
1403715567312143104
1403715567362142976
1403715567412143104
1403715567462142976
1403715567512143104
1403715567562142976
1403715567612143104
1403715567662142976
1403715567712143104
1403715567762142976
1403715567812143104
1403715567862142976
1403715567912143104
1403715567962142976
1403715568012143104
1403715568062142976
1403715568112143104
1403715568162142976
1403715568212143104
1403715568262142976
1403715568312143104
1403715568362142976
1403715568412143104
1403715568462142976
1403715568512143104
1403715568562142976
1403715568612143104
1403715568662142976
1403715568712143104
1403715568762142976
1403715568812143104
1403715568862142976
1403715568912143104
1403715568962142976
1403715569012143104
1403715569062142976
1403715569112143104
1403715569162142976
1403715569212143104
1403715569262142976
1403715569312143104
1403715569362142976
1403715569412143104
1403715569462142976
1403715569512143104
1403715569562142976
1403715569612143104
1403715569662142976
1403715569712143104
1403715569762142976
1403715569812143104
1403715569862142976
1403715569912143104
1403715569962142976
1403715570012143104
1403715570062142976
1403715570112143104
1403715570162142976
1403715570212143104
1403715570262142976
1403715570312143104
1403715570362142976
1403715570412143104
1403715570462142976
1403715570512143104
1403715570562142976
1403715570612143104
1403715570662142976
1403715570712143104
1403715570762142976
1403715570812143104
1403715570862142976
1403715570912143104
1403715570962142976
1403715571012143104
1403715571062142976
1403715571112143104
1403715571162142976
1403715571212143104
1403715571262142976
1403715571312143104
1403715571362142976
1403715571412143104
1403715571462142976
1403715571512143104
1403715571562142976
1403715571612143104
1403715571662142976
1403715571712143104
1403715571762142976
1403715571812143104
1403715571862142976
1403715571912143104
1403715571962142976
1403715572012143104
1403715572062142976
1403715572112143104
1403715572162142976
1403715572212143104
1403715572262142976
1403715572312143104
1403715572362142976
1403715572412143104
1403715572462142976
1403715572512143104
1403715572562142976
1403715572612143104
1403715572662142976
1403715572712143104
1403715572762142976
1403715572812143104
1403715572862142976
1403715572912143104
1403715572962142976
1403715573012143104
1403715573062142976
1403715573112143104
1403715573162142976
1403715573212143104
1403715573262142976
1403715573312143104
1403715573362142976
1403715573412143104
1403715573462142976
1403715573512143104
1403715573562142976
1403715573612143104
1403715573662142976
1403715573712143104
1403715573762142976
1403715573812143104
1403715573862142976
1403715573912143104
1403715573962142976
1403715574012143104
1403715574062142976
1403715574112143104
1403715574162142976
1403715574212143104
1403715574262142976
1403715574312143104
1403715574362142976
1403715574412143104
1403715574462142976
1403715574512143104
1403715574562142976
1403715574612143104
1403715574662142976
1403715574712143104
1403715574762142976
1403715574812143104
1403715574862142976
1403715574912143104
1403715574962142976
1403715575012143104
1403715575062142976
1403715575112143104
1403715575162142976
1403715575212143104
1403715575262142976
1403715575312143104
1403715575362142976
1403715575412143104
1403715575462142976
1403715575512143104
1403715575562142976
1403715575612143104
1403715575662142976
1403715575712143104
1403715575762142976
1403715575812143104
1403715575862142976
1403715575912143104
1403715575962142976
1403715576012143104
1403715576062142976
1403715576112143104
1403715576162142976
1403715576212143104
1403715576262142976
1403715576312143104
1403715576362142976
1403715576412143104
1403715576462142976
1403715576512143104
1403715576562142976
1403715576612143104
1403715576662142976
1403715576712143104
1403715576762142976
1403715576812143104
1403715576862142976
1403715576912143104
1403715576962142976
1403715577012143104
1403715577062142976
1403715577112143104
1403715577162142976
1403715577212143104
1403715577262142976
1403715577312143104
1403715577362142976
1403715577412143104
1403715577462142976
1403715577512143104
1403715577562142976
1403715577612143104
1403715577662142976
1403715577712143104
1403715577762142976
1403715577812143104
1403715577862142976
1403715577912143104
1403715577962142976
1403715578012143104
1403715578062142976
1403715578112143104
1403715578162142976
1403715578212143104
1403715578262142976
1403715578312143104
1403715578362142976
1403715578412143104
1403715578462142976
1403715578512143104
1403715578562142976
1403715578612143104
1403715578662142976
1403715578712143104
1403715578762142976
1403715578812143104
1403715578862142976
1403715578912143104
1403715578962142976
1403715579012143104
1403715579062142976
1403715579112143104
1403715579162142976
1403715579212143104
1403715579262142976
1403715579312143104
1403715579362142976
1403715579412143104
1403715579462142976
1403715579512143104
1403715579562142976
1403715579612143104
1403715579662142976
1403715579712143104
1403715579762142976
1403715579812143104
1403715579862142976
1403715579912143104
1403715579962142976
1403715580012143104
1403715580062142976
1403715580112143104
1403715580162142976
1403715580212143104
1403715580262142976
1403715580312143104
1403715580362142976
1403715580412143104
1403715580462142976
1403715580512143104
1403715580562142976
1403715580612143104
1403715580662142976
1403715580712143104
1403715580762142976
1403715580812143104
1403715580862142976
1403715580912143104
1403715580962142976
1403715581012143104
1403715581062142976
1403715581112143104
1403715581162142976
1403715581212143104
1403715581262142976
1403715581312143104
1403715581362142976
1403715581412143104
1403715581462142976
1403715581512143104
1403715581562142976
1403715581612143104
1403715581662142976
1403715581712143104
1403715581762142976
1403715581812143104
1403715581862142976
1403715581912143104
1403715581962142976
1403715582012143104
1403715582062142976
1403715582112143104
1403715582162142976
1403715582212143104
1403715582262142976
1403715582312143104
1403715582362142976
1403715582412143104
1403715582462142976
1403715582512143104
1403715582562142976
1403715582612143104
1403715582662142976
1403715582712143104
1403715582762142976
1403715582812143104
1403715582862142976
1403715582912143104
1403715582962142976
1403715583012143104
1403715583062142976
1403715583112143104
1403715583162142976
1403715583212143104
1403715583262142976
1403715583312143104
1403715583362142976
1403715583412143104
1403715583462142976
1403715583512143104
1403715583562142976
1403715583612143104
1403715583662142976
1403715583712143104
1403715583762142976
1403715583812143104
1403715583862142976
1403715583912143104
1403715583962142976
1403715584012143104
1403715584062142976
1403715584112143104
1403715584162142976
1403715584212143104
1403715584262142976
1403715584312143104
1403715584362142976
1403715584412143104
1403715584462142976
1403715584512143104
1403715584562142976
1403715584612143104
1403715584662142976
1403715584712143104
1403715584762142976
1403715584812143104
1403715584862142976
1403715584912143104
1403715584962142976
1403715585012143104
1403715585062142976
1403715585112143104
1403715585162142976
1403715585212143104
1403715585262142976
1403715585312143104
1403715585362142976
1403715585412143104
1403715585462142976
1403715585512143104
1403715585562142976
1403715585612143104
1403715585662142976
1403715585712143104
1403715585762142976
1403715585812143104
1403715585862142976
1403715585912143104
1403715585962142976
1403715586012143104
1403715586062142976
1403715586112143104
1403715586162142976
1403715586212143104
1403715586262142976
1403715586312143104
1403715586362142976
1403715586412143104
1403715586462142976
1403715586512143104
1403715586562142976
1403715586612143104
1403715586662142976
1403715586712143104
1403715586762142976
1403715586812143104
1403715586862142976
1403715586912143104
1403715586962142976
1403715587012143104
1403715587062142976
1403715587112143104
1403715587162142976
1403715587212143104
1403715587262142976
1403715587312143104
1403715587362142976
1403715587412143104
1403715587462142976
1403715587512143104
1403715587562142976
1403715587612143104
1403715587662142976
1403715587712143104
1403715587762142976
1403715587812143104
1403715587862142976
1403715587912143104
1403715587962142976
1403715588012143104
1403715588062142976
1403715588112143104
1403715588162142976
1403715588212143104
1403715588262142976
1403715588312143104
1403715588362142976
1403715588412143104
1403715588462142976
1403715588512143104
1403715588562142976
1403715588612143104
1403715588662142976
1403715588712143104
1403715588762142976
1403715588812143104
1403715588862142976
1403715588912143104
1403715588962142976
1403715589012143104
1403715589062142976
1403715589112143104
1403715589162142976
1403715589212143104
1403715589262142976
1403715589312143104
1403715589362142976
1403715589412143104
1403715589462142976
1403715589512143104
1403715589562142976
1403715589612143104
1403715589662142976
1403715589712143104
1403715589762142976
1403715589812143104
1403715589862142976
1403715589912143104
1403715589962142976
1403715590012143104
1403715590062142976
1403715590112143104
1403715590162142976
1403715590212143104
1403715590262142976
1403715590312143104
1403715590362142976
1403715590412143104
1403715590462142976
1403715590512143104
1403715590562142976
1403715590612143104
1403715590662142976
1403715590712143104
1403715590762142976
1403715590812143104
1403715590862142976
1403715590912143104
1403715590962142976
1403715591012143104
1403715591062142976
1403715591112143104
1403715591162142976
1403715591212143104
1403715591262142976
1403715591312143104
1403715591362142976
1403715591412143104
1403715591462142976
1403715591512143104
1403715591562142976
1403715591612143104
1403715591662142976
1403715591712143104
1403715591762142976
1403715591812143104
1403715591862142976
1403715591912143104
1403715591962142976
1403715592012143104
1403715592062142976
1403715592112143104
1403715592162142976
1403715592212143104
1403715592262142976
1403715592312143104
1403715592362142976
1403715592412143104
1403715592462142976
1403715592512143104
1403715592562142976
1403715592612143104
1403715592662142976
1403715592712143104
1403715592762142976
1403715592812143104
1403715592862142976
1403715592912143104
1403715592962142976
1403715593012143104
1403715593062142976
1403715593112143104
1403715593162142976
1403715593212143104
1403715593262142976
1403715593312143104
1403715593362142976
1403715593412143104
1403715593462142976
1403715593512143104
1403715593562142976
1403715593612143104
1403715593662142976
1403715593712143104
1403715593762142976
1403715593812143104
1403715593862142976
1403715593912143104
1403715593962142976
1403715594012143104
1403715594062142976
1403715594112143104
1403715594162142976
1403715594212143104
1403715594262142976
1403715594312143104
1403715594362142976
1403715594412143104
1403715594462142976
1403715594512143104
1403715594562142976
1403715594612143104
1403715594662142976
1403715594712143104
1403715594762142976
1403715594812143104
1403715594862142976
1403715594912143104
1403715594962142976
1403715595012143104
1403715595062142976
1403715595112143104
1403715595162142976
1403715595212143104
1403715595262142976
1403715595312143104
1403715595362142976
1403715595412143104
1403715595462142976
1403715595512143104
1403715595562142976
1403715595612143104
1403715595662142976
1403715595712143104
1403715595762142976
1403715595812143104
1403715595862142976
1403715595912143104
1403715595962142976
1403715596012143104
1403715596062142976
1403715596112143104
1403715596162142976
1403715596212143104
1403715596262142976
1403715596312143104
1403715596362142976
1403715596412143104
1403715596462142976
1403715596512143104
1403715596562142976
1403715596612143104
1403715596662142976
1403715596712143104
1403715596762142976
1403715596812143104
1403715596862142976
1403715596912143104
1403715596962142976
1403715597012143104
1403715597062142976
1403715597112143104
1403715597162142976
1403715597212143104
1403715597262142976
1403715597312143104
1403715597362142976
1403715597412143104
1403715597462142976
1403715597512143104
1403715597562142976
1403715597612143104
1403715597662142976
1403715597712143104
1403715597762142976
1403715597812143104
1403715597862142976
1403715597912143104
1403715597962142976
1403715598012143104
1403715598062142976
1403715598112143104
1403715598162142976
1403715598212143104
1403715598262142976
1403715598312143104
1403715598362142976
1403715598412143104
1403715598462142976
1403715598512143104
1403715598562142976
1403715598612143104
1403715598662142976
1403715598712143104
1403715598762142976
1403715598812143104
1403715598862142976
1403715598912143104
1403715598962142976
1403715599012143104
1403715599062142976
1403715599112143104
1403715599162142976
1403715599212143104
1403715599262142976
1403715599312143104
1403715599362142976
1403715599412143104
1403715599462142976
1403715599512143104
1403715599562142976
1403715599612143104
1403715599662142976
1403715599712143104
1403715599762142976
1403715599812143104
1403715599862142976
1403715599912143104
1403715599962142976
1403715600012143104
1403715600062142976
1403715600112143104
1403715600162142976
1403715600212143104
1403715600262142976
1403715600312143104
1403715600362142976
1403715600412143104
1403715600462142976
1403715600512143104
1403715600562142976
1403715600612143104
1403715600662142976
1403715600712143104
1403715600762142976
1403715600812143104
1403715600862142976
1403715600912143104
1403715600962142976
1403715601012143104
1403715601062142976
1403715601112143104
1403715601162142976
1403715601212143104
1403715601262142976
1403715601312143104
1403715601362142976
1403715601412143104
1403715601462142976
1403715601512143104
1403715601562142976
1403715601612143104
1403715601662142976
1403715601712143104
1403715601762142976
1403715601812143104
1403715601862142976
1403715601912143104
1403715601962142976
1403715602012143104
1403715602062142976
1403715602112143104
1403715602162142976
1403715602212143104
1403715602262142976
1403715602312143104
1403715602362142976
1403715602412143104
1403715602462142976
1403715602512143104
1403715602562142976
1403715602612143104
1403715602662142976
1403715602712143104
1403715602762142976
1403715602812143104
1403715602862142976
1403715602912143104
1403715602962142976
1403715603012143104
1403715603062142976
1403715603112143104
1403715603162142976
1403715603212143104
1403715603262142976
1403715603312143104
1403715603362142976
1403715603412143104
1403715603462142976
1403715603512143104
1403715603562142976
1403715603612143104
1403715603662142976
1403715603712143104
1403715603762142976
1403715603812143104
1403715603862142976
1403715603912143104
1403715603962142976
1403715604012143104
1403715604062142976
1403715604112143104
1403715604162142976
1403715604212143104
1403715604262142976
1403715604312143104
1403715604362142976
1403715604412143104
1403715604462142976
1403715604512143104
1403715604562142976
1403715604612143104
1403715604662142976
1403715604712143104
1403715604762142976
1403715604812143104
1403715604862142976
1403715604912143104
1403715604962142976
1403715605012143104
1403715605062142976
1403715605112143104
1403715605162142976
1403715605212143104
1403715605262142976
1403715605312143104
1403715605362142976
1403715605412143104
1403715605462142976
1403715605512143104
1403715605562142976
1403715605612143104
1403715605662142976
1403715605712143104
1403715605762142976
1403715605812143104
1403715605862142976
1403715605912143104
1403715605962142976
1403715606012143104
1403715606062142976
1403715606112143104
1403715606162142976
1403715606212143104
1403715606262142976
1403715606312143104
1403715606362142976
1403715606412143104
1403715606462142976
1403715606512143104
1403715606562142976
1403715606612143104
1403715606662142976
1403715606712143104
1403715606762142976
1403715606812143104
1403715606862142976
1403715606912143104
1403715606962142976
1403715607012143104
1403715607062142976
1403715607112143104
1403715607162142976
1403715607212143104
1403715607262142976
1403715607312143104
1403715607362142976
1403715607412143104
1403715607462142976
1403715607512143104
1403715607562142976
1403715607612143104
1403715607662142976
1403715607712143104
1403715607762142976
1403715607812143104
1403715607862142976
1403715607912143104
1403715607962142976
1403715608012143104
1403715608062142976
1403715608112143104
1403715608162142976
1403715608212143104
1403715608262142976
1403715608312143104
1403715608362142976
1403715608412143104
1403715608462142976
1403715608512143104
1403715608562142976
1403715608612143104
1403715608662142976
1403715608712143104
1403715608762142976
1403715608812143104
1403715608862142976
1403715608912143104
1403715608962142976
1403715609012143104
1403715609062142976
1403715609112143104
1403715609162142976
1403715609212143104
1403715609262142976
1403715609312143104
1403715609362142976
