1413393886005760512
1413393886055760384
1413393886105760512
1413393886155760384
1413393886205760512
1413393886255760384
1413393886305760512
1413393886355760384
1413393886405760512
1413393886455760384
1413393886505760512
1413393886555760384
1413393886605760512
1413393886655760384
1413393886705760512
1413393886755760384
1413393886805760512
1413393886855760384
1413393886905760512
1413393886955760384
1413393887005760512
1413393887055760384
1413393887105760512
1413393887155760384
1413393887205760512
1413393887255760384
1413393887305760512
1413393887355760384
1413393887405760512
1413393887455760384
1413393887505760512
1413393887555760384
1413393887605760512
1413393887655760384
1413393887705760512
1413393887755760384
1413393887805760512
1413393887855760384
1413393887905760512
1413393887955760384
1413393888005760512
1413393888055760384
1413393888105760512
1413393888155760384
1413393888205760512
1413393888255760384
1413393888305760512
1413393888355760384
1413393888405760512
1413393888455760384
1413393888505760512
1413393888555760384
1413393888605760512
1413393888655760384
1413393888705760512
1413393888755760384
1413393888805760512
1413393888855760384
1413393888905760512
1413393888955760384
1413393889005760512
1413393889055760384
1413393889105760512
1413393889155760384
1413393889205760512
1413393889255760384
1413393889305760512
1413393889355760384
1413393889405760512
1413393889455760384
1413393889505760512
1413393889555760384
1413393889605760512
1413393889655760384
1413393889705760512
1413393889755760384
1413393889805760512
1413393889855760384
1413393889905760512
1413393889955760384
1413393890005760512
1413393890055760384
1413393890105760512
1413393890155760384
1413393890205760512
1413393890255760384
1413393890305760512
1413393890355760384
1413393890405760512
1413393890455760384
1413393890505760512
1413393890555760384
1413393890605760512
1413393890655760384
1413393890705760512
1413393890755760384
1413393890805760512
1413393890855760384
1413393890905760512
1413393890955760384
1413393891005760512
1413393891055760384
1413393891105760512
1413393891155760384
1413393891205760512
1413393891255760384
1413393891305760512
1413393891355760384
1413393891405760512
1413393891455760384
1413393891505760512
1413393891555760384
1413393891605760512
1413393891655760384
1413393891705760512
1413393891755760384
1413393891805760512
1413393891855760384
1413393891905760512
1413393891955760384
1413393892005760512
1413393892055760384
1413393892105760512
1413393892155760384
1413393892205760512
1413393892255760384
1413393892305760512
1413393892355760384
1413393892405760512
1413393892455760384
1413393892505760512
1413393892555760384
1413393892605760512
1413393892655760384
1413393892705760512
1413393892755760384
1413393892805760512
1413393892855760384
1413393892905760512
1413393892955760384
1413393893005760512
1413393893055760384
1413393893105760512
1413393893155760384
1413393893205760512
1413393893255760384
1413393893305760512
1413393893355760384
1413393893405760512
1413393893455760384
1413393893505760512
1413393893555760384
1413393893605760512
1413393893655760384
1413393893705760512
1413393893755760384
1413393893805760512
1413393893855760384
1413393893905760512
1413393893955760384
1413393894005760512
1413393894055760384
1413393894105760512
1413393894155760384
1413393894205760512
1413393894255760384
1413393894305760512
1413393894355760384
1413393894405760512
1413393894455760384
1413393894505760512
1413393894555760384
1413393894605760512
1413393894655760384
1413393894705760512
1413393894755760384
1413393894805760512
1413393894855760384
1413393894905760512
1413393894955760384
1413393895005760512
1413393895055760384
1413393895105760512
1413393895155760384
1413393895205760512
1413393895255760384
1413393895305760512
1413393895355760384
1413393895405760512
1413393895455760384
1413393895505760512
1413393895555760384
1413393895605760512
1413393895655760384
1413393895705760512
1413393895755760384
1413393895805760512
1413393895855760384
1413393895905760512
1413393895955760384
1413393896005760512
1413393896055760384
1413393896105760512
1413393896155760384
1413393896205760512
1413393896255760384
1413393896305760512
1413393896355760384
1413393896405760512
1413393896455760384
1413393896505760512
1413393896555760384
1413393896605760512
1413393896655760384
1413393896705760512
1413393896755760384
1413393896805760512
1413393896855760384
1413393896905760512
1413393896955760384
1413393897005760512
1413393897055760384
1413393897105760512
1413393897155760384
1413393897205760512
1413393897255760384
1413393897305760512
1413393897355760384
1413393897405760512
1413393897455760384
1413393897505760512
1413393897555760384
1413393897605760512
1413393897655760384
1413393897705760512
1413393897755760384
1413393897805760512
1413393897855760384
1413393897905760512
1413393897955760384
1413393898005760512
1413393898055760384
1413393898105760512
1413393898155760384
1413393898205760512
1413393898255760384
1413393898305760512
1413393898355760384
1413393898405760512
1413393898455760384
1413393898505760512
1413393898555760384
1413393898605760512
1413393898655760384
1413393898705760512
1413393898755760384
1413393898805760512
1413393898855760384
1413393898905760512
1413393898955760384
1413393899005760512
1413393899055760384
1413393899105760512
1413393899155760384
1413393899205760512
1413393899255760384
1413393899305760512
1413393899355760384
1413393899405760512
1413393899455760384
1413393899505760512
1413393899555760384
1413393899605760512
1413393899655760384
1413393899705760512
1413393899755760384
1413393899805760512
1413393899855760384
1413393899905760512
1413393899955760384
1413393900005760512
1413393900055760384
1413393900105760512
1413393900155760384
1413393900205760512
1413393900255760384
1413393900305760512
1413393900355760384
1413393900405760512
1413393900455760384
1413393900505760512
1413393900555760384
1413393900605760512
1413393900655760384
1413393900705760512
1413393900755760384
1413393900805760512
1413393900855760384
1413393900905760512
1413393900955760384
1413393901005760512
1413393901055760384
1413393901105760512
1413393901155760384
1413393901205760512
1413393901255760384
1413393901305760512
1413393901355760384
1413393901405760512
1413393901455760384
1413393901505760512
1413393901555760384
1413393901605760512
1413393901655760384
1413393901705760512
1413393901755760384
1413393901805760512
1413393901855760384
1413393901905760512
1413393901955760384
1413393902005760512
1413393902055760384
1413393902105760512
1413393902155760384
1413393902205760512
1413393902255760384
1413393902305760512
1413393902355760384
1413393902405760512
1413393902455760384
1413393902505760512
1413393902555760384
1413393902605760512
1413393902655760384
1413393902705760512
1413393902755760384
1413393902805760512
1413393902855760384
1413393902905760512
1413393902955760384
1413393903005760512
1413393903055760384
1413393903105760512
1413393903155760384
1413393903205760512
1413393903255760384
1413393903305760512
1413393903355760384
1413393903405760512
1413393903455760384
1413393903505760512
1413393903555760384
1413393903605760512
1413393903655760384
1413393903705760512
1413393903755760384
1413393903805760512
1413393903855760384
1413393903905760512
1413393903955760384
1413393904005760512
1413393904055760384
1413393904105760512
1413393904155760384
1413393904205760512
1413393904255760384
1413393904305760512
1413393904355760384
1413393904405760512
1413393904455760384
1413393904505760512
1413393904555760384
1413393904605760512
1413393904655760384
1413393904705760512
1413393904755760384
1413393904805760512
1413393904855760384
1413393904905760512
1413393904955760384
1413393905005760512
1413393905055760384
1413393905105760512
1413393905155760384
1413393905205760512
1413393905255760384
1413393905305760512
1413393905355760384
1413393905405760512
1413393905455760384
1413393905505760512
1413393905555760384
1413393905605760512
1413393905655760384
1413393905705760512
1413393905755760384
1413393905805760512
1413393905855760384
1413393905905760512
1413393905955760384
1413393906005760512
1413393906055760384
1413393906105760512
1413393906155760384
1413393906205760512
1413393906255760384
1413393906305760512
1413393906355760384
1413393906405760512
1413393906455760384
1413393906505760512
1413393906555760384
1413393906605760512
1413393906655760384
1413393906705760512
1413393906755760384
1413393906805760512
1413393906855760384
1413393906905760512
1413393906955760384
1413393907005760512
1413393907055760384
1413393907105760512
1413393907155760384
1413393907205760512
1413393907255760384
1413393907305760512
1413393907355760384
1413393907405760512
1413393907455760384
1413393907505760512
1413393907555760384
1413393907605760512
1413393907655760384
1413393907705760512
1413393907755760384
1413393907805760512
1413393907855760384
1413393907905760512
1413393907955760384
1413393908005760512
1413393908055760384
1413393908105760512
1413393908155760384
1413393908205760512
1413393908255760384
1413393908305760512
1413393908355760384
1413393908405760512
1413393908455760384
1413393908505760512
1413393908555760384
1413393908605760512
1413393908655760384
1413393908705760512
1413393908755760384
1413393908805760512
1413393908855760384
1413393908905760512
1413393908955760384
1413393909005760512
1413393909055760384
1413393909105760512
1413393909155760384
1413393909205760512
1413393909255760384
1413393909305760512
1413393909355760384
1413393909405760512
1413393909455760384
1413393909505760512
1413393909555760384
1413393909605760512
1413393909655760384
1413393909705760512
1413393909755760384
1413393909805760512
1413393909855760384
1413393909905760512
1413393909955760384
1413393910005760512
1413393910055760384
1413393910105760512
1413393910155760384
1413393910205760512
1413393910255760384
1413393910305760512
1413393910355760384
1413393910405760512
1413393910455760384
1413393910505760512
1413393910555760384
1413393910605760512
1413393910655760384
1413393910705760512
1413393910755760384
1413393910805760512
1413393910855760384
1413393910905760512
1413393910955760384
1413393911005760512
1413393911055760384
1413393911105760512
1413393911155760384
1413393911205760512
1413393911255760384
1413393911305760512
1413393911355760384
1413393911405760512
1413393911455760384
1413393911505760512
1413393911555760384
1413393911605760512
1413393911655760384
1413393911705760512
1413393911755760384
1413393911805760512
1413393911855760384
1413393911905760512
1413393911955760384
1413393912005760512
1413393912055760384
1413393912105760512
1413393912155760384
1413393912205760512
1413393912255760384
1413393912305760512
1413393912355760384
1413393912405760512
1413393912455760384
1413393912505760512
1413393912555760384
1413393912605760512
1413393912655760384
1413393912705760512
1413393912755760384
1413393912805760512
1413393912855760384
1413393912905760512
1413393912955760384
1413393913005760512
1413393913055760384
1413393913105760512
1413393913155760384
1413393913205760512
1413393913255760384
1413393913305760512
1413393913355760384
1413393913405760512
1413393913455760384
1413393913505760512
1413393913555760384
1413393913605760512
1413393913655760384
1413393913705760512
1413393913755760384
1413393913805760512
1413393913855760384
1413393913905760512
1413393913955760384
1413393914005760512
1413393914055760384
1413393914105760512
1413393914155760384
1413393914205760512
1413393914255760384
1413393914305760512
1413393914355760384
1413393914405760512
1413393914455760384
1413393914505760512
1413393914555760384
1413393914605760512
1413393914655760384
1413393914705760512
1413393914755760384
1413393914805760512
1413393914855760384
1413393914905760512
1413393914955760384
1413393915005760512
1413393915055760384
1413393915105760512
1413393915155760384
1413393915205760512
1413393915255760384
1413393915305760512
1413393915355760384
1413393915405760512
1413393915455760384
1413393915505760512
1413393915555760384
1413393915605760512
1413393915655760384
1413393915705760512
1413393915755760384
1413393915805760512
1413393915855760384
1413393915905760512
1413393915955760384
1413393916005760512
1413393916055760384
1413393916105760512
1413393916155760384
1413393916205760512
1413393916255760384
1413393916305760512
1413393916355760384
1413393916405760512
1413393916455760384
1413393916505760512
1413393916555760384
1413393916605760512
1413393916655760384
1413393916705760512
1413393916755760384
1413393916805760512
1413393916855760384
1413393916905760512
1413393916955760384
1413393917005760512
1413393917055760384
1413393917105760512
1413393917155760384
1413393917205760512
1413393917255760384
1413393917305760512
1413393917355760384
1413393917405760512
1413393917455760384
1413393917505760512
1413393917555760384
1413393917605760512
1413393917655760384
1413393917705760512
1413393917755760384
1413393917805760512
1413393917855760384
1413393917905760512
1413393917955760384
1413393918005760512
1413393918055760384
1413393918105760512
1413393918155760384
1413393918205760512
1413393918255760384
1413393918305760512
1413393918355760384
1413393918405760512
1413393918455760384
1413393918505760512
1413393918555760384
1413393918605760512
1413393918655760384
1413393918705760512
1413393918755760384
1413393918805760512
1413393918855760384
1413393918905760512
1413393918955760384
1413393919005760512
1413393919055760384
1413393919105760512
1413393919155760384
1413393919205760512
1413393919255760384
1413393919305760512
1413393919355760384
1413393919405760512
1413393919455760384
1413393919505760512
1413393919555760384
1413393919605760512
1413393919655760384
1413393919705760512
1413393919755760384
1413393919805760512
1413393919855760384
1413393919905760512
1413393919955760384
1413393920005760512
1413393920055760384
1413393920105760512
1413393920155760384
1413393920205760512
1413393920255760384
1413393920305760512
1413393920355760384
1413393920405760512
1413393920455760384
1413393920505760512
1413393920555760384
1413393920605760512
1413393920655760384
1413393920705760512
1413393920755760384
1413393920805760512
1413393920855760384
1413393920905760512
1413393920955760384
1413393921005760512
1413393921055760384
1413393921105760512
1413393921155760384
1413393921205760512
1413393921255760384
1413393921305760512
1413393921355760384
1413393921405760512
1413393921455760384
1413393921505760512
1413393921555760384
1413393921605760512
1413393921655760384
1413393921705760512
1413393921755760384
1413393921805760512
1413393921855760384
1413393921905760512
1413393921955760384
1413393922005760512
1413393922055760384
1413393922105760512
1413393922155760384
1413393922205760512
1413393922255760384
1413393922305760512
1413393922355760384
1413393922405760512
1413393922455760384
1413393922505760512
1413393922555760384
1413393922605760512
1413393922655760384
1413393922705760512
1413393922755760384
1413393922805760512
1413393922855760384
1413393922905760512
1413393922955760384
1413393923005760512
1413393923055760384
1413393923105760512
1413393923155760384
1413393923205760512
1413393923255760384
1413393923305760512
1413393923355760384
1413393923405760512
1413393923455760384
1413393923505760512
1413393923555760384
1413393923605760512
1413393923655760384
1413393923705760512
1413393923755760384
1413393923805760512
1413393923855760384
1413393923905760512
1413393923955760384
1413393924005760512
1413393924055760384
1413393924105760512
1413393924155760384
1413393924205760512
1413393924255760384
1413393924305760512
1413393924355760384
1413393924405760512
1413393924455760384
1413393924505760512
1413393924555760384
1413393924605760512
1413393924655760384
1413393924705760512
1413393924755760384
1413393924805760512
1413393924855760384
1413393924905760512
1413393924955760384
1413393925005760512
1413393925055760384
1413393925105760512
1413393925155760384
1413393925205760512
1413393925255760384
1413393925305760512
1413393925355760384
1413393925405760512
1413393925455760384
1413393925505760512
1413393925555760384
1413393925605760512
1413393925655760384
1413393925705760512
1413393925755760384
1413393925805760512
1413393925855760384
1413393925905760512
1413393925955760384
1413393926005760512
1413393926055760384
1413393926105760512
1413393926155760384
1413393926205760512
1413393926255760384
1413393926305760512
1413393926355760384
1413393926405760512
1413393926455760384
1413393926505760512
1413393926555760384
1413393926605760512
1413393926655760384
1413393926705760512
1413393926755760384
1413393926805760512
1413393926855760384
1413393926905760512
1413393926955760384
1413393927005760512
1413393927055760384
1413393927105760512
1413393927155760384
1413393927205760512
1413393927255760384
1413393927305760512
1413393927355760384
1413393927405760512
1413393927455760384
1413393927505760512
1413393927555760384
1413393927605760512
1413393927655760384
1413393927705760512
1413393927755760384
1413393927805760512
1413393927855760384
1413393927905760512
1413393927955760384
1413393928005760512
1413393928055760384
1413393928105760512
1413393928155760384
1413393928205760512
1413393928255760384
1413393928305760512
1413393928355760384
1413393928405760512
1413393928455760384
1413393928505760512
1413393928555760384
1413393928605760512
1413393928655760384
1413393928705760512
1413393928755760384
1413393928805760512
1413393928855760384
1413393928905760512
1413393928955760384
1413393929005760512
1413393929055760384
1413393929105760512
1413393929155760384
1413393929205760512
1413393929255760384
1413393929305760512
1413393929355760384
1413393929405760512
1413393929455760384
1413393929505760512
1413393929555760384
1413393929605760512
1413393929655760384
1413393929705760512
1413393929755760384
1413393929805760512
1413393929855760384
1413393929905760512
1413393929955760384
1413393930005760512
1413393930055760384
1413393930105760512
1413393930155760384
1413393930205760512
1413393930255760384
1413393930305760512
1413393930355760384
1413393930405760512
1413393930455760384
1413393930505760512
1413393930555760384
1413393930605760512
1413393930655760384
1413393930705760512
1413393930755760384
1413393930805760512
1413393930855760384
1413393930905760512
1413393930955760384
1413393931005760512
1413393931055760384
1413393931105760512
1413393931155760384
1413393931205760512
1413393931255760384
1413393931305760512
1413393931355760384
1413393931405760512
1413393931455760384
1413393931505760512
1413393931555760384
1413393931605760512
1413393931655760384
1413393931705760512
1413393931755760384
1413393931805760512
1413393931855760384
1413393931905760512
1413393931955760384
1413393932005760512
1413393932055760384
1413393932105760512
1413393932155760384
1413393932205760512
1413393932255760384
1413393932305760512
1413393932355760384
1413393932405760512
1413393932455760384
1413393932505760512
1413393932555760384
1413393932605760512
1413393932655760384
1413393932705760512
1413393932755760384
1413393932805760512
1413393932855760384
1413393932905760512
1413393932955760384
1413393933005760512
1413393933055760384
1413393933105760512
1413393933155760384
1413393933205760512
1413393933255760384
1413393933305760512
1413393933355760384
1413393933405760512
1413393933455760384
1413393933505760512
1413393933555760384
1413393933605760512
1413393933655760384
1413393933705760512
1413393933755760384
1413393933805760512
1413393933855760384
1413393933905760512
1413393933955760384
1413393934005760512
1413393934055760384
1413393934105760512
1413393934155760384
1413393934205760512
1413393934255760384
1413393934305760512
1413393934355760384
1413393934405760512
1413393934455760384
1413393934505760512
1413393934555760384
1413393934605760512
1413393934655760384
1413393934705760512
1413393934755760384
1413393934805760512
1413393934855760384
1413393934905760512
1413393934955760384
1413393935005760512
1413393935055760384
1413393935105760512
1413393935155760384
1413393935205760512
1413393935255760384
1413393935305760512
1413393935355760384
1413393935405760512
1413393935455760384
1413393935505760512
1413393935555760384
1413393935605760512
1413393935655760384
1413393935705760512
1413393935755760384
1413393935805760512
1413393935855760384
1413393935905760512
1413393935955760384
1413393936005760512
1413393936055760384
1413393936105760512
1413393936155760384
1413393936205760512
1413393936255760384
1413393936305760512
1413393936355760384
1413393936405760512
1413393936455760384
1413393936505760512
1413393936555760384
1413393936605760512
1413393936655760384
1413393936705760512
1413393936755760384
1413393936805760512
1413393936855760384
1413393936905760512
1413393936955760384
1413393937005760512
1413393937055760384
1413393937105760512
1413393937155760384
1413393937205760512
1413393937255760384
1413393937305760512
1413393937355760384
1413393937405760512
1413393937455760384
1413393937505760512
1413393937555760384
1413393937605760512
1413393937655760384
1413393937705760512
1413393937755760384
1413393937805760512
1413393937855760384
1413393937905760512
1413393937955760384
1413393938005760512
1413393938055760384
1413393938105760512
1413393938155760384
1413393938205760512
1413393938255760384
1413393938305760512
1413393938355760384
1413393938405760512
1413393938455760384
1413393938505760512
1413393938555760384
1413393938605760512
1413393938655760384
1413393938705760512
1413393938755760384
1413393938805760512
1413393938855760384
1413393938905760512
1413393938955760384
1413393939005760512
1413393939055760384
1413393939105760512
1413393939155760384
1413393939205760512
1413393939255760384
1413393939305760512
1413393939355760384
1413393939405760512
1413393939455760384
1413393939505760512
1413393939555760384
1413393939605760512
1413393939655760384
1413393939705760512
1413393939755760384
1413393939805760512
1413393939855760384
1413393939905760512
1413393939955760384
1413393940005760512
1413393940055760384
1413393940105760512
1413393940155760384
1413393940205760512
1413393940255760384
1413393940305760512
1413393940355760384
1413393940405760512
1413393940455760384
1413393940505760512
1413393940555760384
1413393940605760512
1413393940655760384
1413393940705760512
1413393940755760384
1413393940805760512
1413393940855760384
1413393940905760512
1413393940955760384
1413393941005760512
1413393941055760384
1413393941105760512
1413393941155760384
1413393941205760512
1413393941255760384
1413393941305760512
1413393941355760384
1413393941405760512
1413393941455760384
1413393941505760512
1413393941555760384
1413393941605760512
1413393941655760384
1413393941705760512
1413393941755760384
1413393941805760512
1413393941855760384
1413393941905760512
1413393941955760384
1413393942005760512
1413393942055760384
1413393942105760512
1413393942155760384
1413393942205760512
1413393942255760384
1413393942305760512
1413393942355760384
1413393942405760512
1413393942455760384
1413393942505760512
1413393942555760384
1413393942605760512
1413393942655760384
1413393942705760512
1413393942755760384
1413393942805760512
1413393942855760384
1413393942905760512
1413393942955760384
1413393943005760512
1413393943055760384
1413393943105760512
1413393943155760384
1413393943205760512
1413393943255760384
1413393943305760512
1413393943355760384
1413393943405760512
1413393943455760384
1413393943505760512
1413393943555760384
1413393943605760512
1413393943655760384
1413393943705760512
1413393943755760384
1413393943805760512
1413393943855760384
1413393943905760512
1413393943955760384
1413393944005760512
1413393944055760384
1413393944105760512
1413393944155760384
1413393944205760512
1413393944255760384
1413393944305760512
1413393944355760384
1413393944405760512
1413393944455760384
1413393944505760512
1413393944555760384
1413393944605760512
1413393944655760384
1413393944705760512
1413393944755760384
1413393944805760512
1413393944855760384
1413393944905760512
1413393944955760384
1413393945005760512
1413393945055760384
1413393945105760512
1413393945155760384
1413393945205760512
1413393945255760384
1413393945305760512
1413393945355760384
1413393945405760512
1413393945455760384
1413393945505760512
1413393945555760384
1413393945605760512
1413393945655760384
1413393945705760512
1413393945755760384
1413393945805760512
1413393945855760384
1413393945905760512
1413393945955760384
1413393946005760512
1413393946055760384
1413393946105760512
1413393946155760384
1413393946205760512
1413393946255760384
1413393946305760512
1413393946355760384
1413393946405760512
1413393946455760384
1413393946505760512
1413393946555760384
1413393946605760512
1413393946655760384
1413393946705760512
1413393946755760384
1413393946805760512
1413393946855760384
1413393946905760512
1413393946955760384
1413393947005760512
1413393947055760384
1413393947105760512
1413393947155760384
1413393947205760512
1413393947255760384
1413393947305760512
1413393947355760384
1413393947405760512
1413393947455760384
1413393947505760512
1413393947555760384
1413393947605760512
1413393947655760384
1413393947705760512
1413393947755760384
1413393947805760512
1413393947855760384
1413393947905760512
1413393947955760384
1413393948005760512
1413393948055760384
1413393948105760512
1413393948155760384
1413393948205760512
1413393948255760384
1413393948305760512
1413393948355760384
1413393948405760512
1413393948455760384
1413393948505760512
1413393948555760384
1413393948605760512
1413393948655760384
1413393948705760512
1413393948755760384
1413393948805760512
1413393948855760384
1413393948905760512
1413393948955760384
1413393949005760512
1413393949055760384
1413393949105760512
1413393949155760384
1413393949205760512
1413393949255760384
1413393949305760512
1413393949355760384
1413393949405760512
1413393949455760384
1413393949505760512
1413393949555760384
1413393949605760512
1413393949655760384
1413393949705760512
1413393949755760384
1413393949805760512
1413393949855760384
1413393949905760512
1413393949955760384
1413393950005760512
1413393950055760384
1413393950105760512
1413393950155760384
1413393950205760512
1413393950255760384
1413393950305760512
1413393950355760384
1413393950405760512
1413393950455760384
1413393950505760512
1413393950555760384
1413393950605760512
1413393950655760384
1413393950705760512
1413393950755760384
1413393950805760512
1413393950855760384
1413393950905760512
1413393950955760384
1413393951005760512
1413393951055760384
1413393951105760512
1413393951155760384
1413393951205760512
1413393951255760384
1413393951305760512
1413393951355760384
1413393951405760512
1413393951455760384
1413393951505760512
1413393951555760384
1413393951605760512
1413393951655760384
1413393951705760512
1413393951755760384
1413393951805760512
1413393951855760384
1413393951905760512
1413393951955760384
1413393952005760512
1413393952055760384
1413393952105760512
1413393952155760384
1413393952205760512
1413393952255760384
1413393952305760512
1413393952355760384
1413393952405760512
1413393952455760384
1413393952505760512
1413393952555760384
1413393952605760512
1413393952655760384
1413393952705760512
1413393952755760384
1413393952805760512
1413393952855760384
1413393952905760512
1413393952955760384
1413393953005760512
1413393953055760384
1413393953105760512
1413393953155760384
1413393953205760512
1413393953255760384
1413393953305760512
1413393953355760384
1413393953405760512
1413393953455760384
1413393953505760512
1413393953555760384
1413393953605760512
1413393953655760384
1413393953705760512
1413393953755760384
1413393953805760512
1413393953855760384
1413393953905760512
1413393953955760384
1413393954005760512
1413393954055760384
1413393954105760512
1413393954155760384
1413393954205760512
1413393954255760384
1413393954305760512
1413393954355760384
1413393954405760512
1413393954455760384
1413393954505760512
1413393954555760384
1413393954605760512
1413393954655760384
1413393954705760512
1413393954755760384
1413393954805760512
1413393954855760384
1413393954905760512
1413393954955760384
1413393955005760512
1413393955055760384
1413393955105760512
1413393955155760384
1413393955205760512
1413393955255760384
1413393955305760512
1413393955355760384
1413393955405760512
1413393955455760384
1413393955505760512
1413393955555760384
1413393955605760512
1413393955655760384
1413393955705760512
1413393955755760384
1413393955805760512
1413393955855760384
1413393955905760512
1413393955955760384
1413393956005760512
1413393956055760384
1413393956105760512
1413393956155760384
1413393956205760512
1413393956255760384
1413393956305760512
1413393956355760384
1413393956405760512
1413393956455760384
1413393956505760512
1413393956555760384
1413393956605760512
1413393956655760384
1413393956705760512
1413393956755760384
1413393956805760512
1413393956855760384
1413393956905760512
1413393956955760384
1413393957005760512
1413393957055760384
1413393957105760512
1413393957155760384
1413393957205760512
1413393957255760384
1413393957305760512
1413393957355760384
1413393957405760512
1413393957455760384
1413393957505760512
1413393957555760384
1413393957605760512
1413393957655760384
1413393957705760512
1413393957755760384
1413393957805760512
1413393957855760384
1413393957905760512
1413393957955760384
1413393958005760512
1413393958055760384
1413393958105760512
1413393958155760384
1413393958205760512
1413393958255760384
1413393958305760512
1413393958355760384
1413393958405760512
1413393958455760384
1413393958505760512
1413393958555760384
1413393958605760512
1413393958655760384
1413393958705760512
1413393958755760384
1413393958805760512
1413393958855760384
1413393958905760512
1413393958955760384
1413393959005760512
1413393959055760384
1413393959105760512
1413393959155760384
1413393959205760512
1413393959255760384
1413393959305760512
1413393959355760384
1413393959405760512
1413393959455760384
1413393959505760512
1413393959555760384
1413393959605760512
1413393959655760384
1413393959705760512
1413393959755760384
1413393959805760512
1413393959855760384
1413393959905760512
1413393959955760384
1413393960005760512
1413393960055760384
1413393960105760512
1413393960155760384
1413393960205760512
1413393960255760384
1413393960305760512
1413393960355760384
1413393960405760512
1413393960455760384
1413393960505760512
1413393960555760384
1413393960605760512
1413393960655760384
1413393960705760512
1413393960755760384
1413393960805760512
1413393960855760384
1413393960905760512
1413393960955760384
1413393961005760512
1413393961055760384
1413393961105760512
1413393961155760384
1413393961205760512
1413393961255760384
1413393961305760512
1413393961355760384
1413393961405760512
1413393961455760384
1413393961505760512
1413393961555760384
1413393961605760512
1413393961655760384
1413393961705760512
1413393961755760384
1413393961805760512
1413393961855760384
1413393961905760512
1413393961955760384
1413393962005760512
1413393962055760384
1413393962105760512
1413393962155760384
1413393962205760512
1413393962255760384
1413393962305760512
1413393962355760384
1413393962405760512
1413393962455760384
1413393962505760512
1413393962555760384
1413393962605760512
1413393962655760384
1413393962705760512
1413393962755760384
1413393962805760512
1413393962855760384
1413393962905760512
1413393962955760384
1413393963005760512
1413393963055760384
1413393963105760512
1413393963155760384
1413393963205760512
1413393963255760384
1413393963305760512
1413393963355760384
1413393963405760512
1413393963455760384
1413393963505760512
1413393963555760384
1413393963605760512
1413393963655760384
1413393963705760512
1413393963755760384
1413393963805760512
1413393963855760384
1413393963905760512
1413393963955760384
1413393964005760512
1413393964055760384
1413393964105760512
1413393964155760384
1413393964205760512
1413393964255760384
1413393964305760512
1413393964355760384
1413393964405760512
1413393964455760384
1413393964505760512
1413393964555760384
1413393964605760512
1413393964655760384
1413393964705760512
1413393964755760384
1413393964805760512
1413393964855760384
1413393964905760512
1413393964955760384
1413393965005760512
1413393965055760384
1413393965105760512
1413393965155760384
1413393965205760512
1413393965255760384
1413393965305760512
1413393965355760384
1413393965405760512
1413393965455760384
1413393965505760512
1413393965555760384
1413393965605760512
1413393965655760384
1413393965705760512
1413393965755760384
1413393965805760512
1413393965855760384
1413393965905760512
1413393965955760384
1413393966005760512
1413393966055760384
1413393966105760512
1413393966155760384
1413393966205760512
1413393966255760384
1413393966305760512
1413393966355760384
1413393966405760512
1413393966455760384
1413393966505760512
1413393966555760384
1413393966605760512
1413393966655760384
1413393966705760512
1413393966755760384
1413393966805760512
1413393966855760384
1413393966905760512
1413393966955760384
1413393967005760512
1413393967055760384
1413393967105760512
1413393967155760384
1413393967205760512
1413393967255760384
1413393967305760512
1413393967355760384
1413393967405760512
1413393967455760384
1413393967505760512
1413393967555760384
1413393967605760512
1413393967655760384
1413393967705760512
1413393967755760384
1413393967805760512
1413393967855760384
1413393967905760512
1413393967955760384
1413393968005760512
1413393968055760384
1413393968105760512
1413393968155760384
1413393968205760512
1413393968255760384
1413393968305760512
1413393968355760384
1413393968405760512
1413393968455760384
1413393968505760512
1413393968555760384
1413393968605760512
1413393968655760384
1413393968705760512
1413393968755760384
1413393968805760512
1413393968855760384
1413393968905760512
1413393968955760384
1413393969005760512
1413393969055760384
1413393969105760512
1413393969155760384
1413393969205760512
1413393969255760384
1413393969305760512
1413393969355760384
1413393969405760512
1413393969455760384
1413393969505760512
1413393969555760384
1413393969605760512
1413393969655760384
1413393969705760512
1413393969755760384
1413393969805760512
1413393969855760384
1413393969905760512
1413393969955760384
1413393970005760512
1413393970055760384
1413393970105760512
1413393970155760384
1413393970205760512
1413393970255760384
1413393970305760512
1413393970355760384
1413393970405760512
1413393970455760384
1413393970505760512
1413393970555760384
1413393970605760512
1413393970655760384
1413393970705760512
1413393970755760384
1413393970805760512
1413393970855760384
1413393970905760512
1413393970955760384
1413393971005760512
1413393971055760384
1413393971105760512
1413393971155760384
1413393971205760512
1413393971255760384
1413393971305760512
1413393971355760384
1413393971405760512
1413393971455760384
1413393971505760512
1413393971555760384
1413393971605760512
1413393971655760384
1413393971705760512
1413393971755760384
1413393971805760512
1413393971855760384
1413393971905760512
1413393971955760384
1413393972005760512
1413393972055760384
1413393972105760512
1413393972155760384
1413393972205760512
1413393972255760384
1413393972305760512
1413393972355760384
1413393972405760512
1413393972455760384
1413393972505760512
1413393972555760384
1413393972605760512
1413393972655760384
1413393972705760512
1413393972755760384
1413393972805760512
1413393972855760384
1413393972905760512
1413393972955760384
1413393973005760512
1413393973055760384
1413393973105760512
1413393973155760384
1413393973205760512
1413393973255760384
1413393973305760512
1413393973355760384
1413393973405760512
1413393973455760384
1413393973505760512
1413393973555760384
1413393973605760512
1413393973655760384
1413393973705760512
1413393973755760384
1413393973805760512
1413393973855760384
1413393973905760512
1413393973955760384
1413393974005760512
1413393974055760384
1413393974105760512
1413393974155760384
1413393974205760512
1413393974255760384
1413393974305760512
1413393974355760384
1413393974405760512
1413393974455760384
1413393974505760512
1413393974555760384
1413393974605760512
1413393974655760384
1413393974705760512
1413393974755760384
1413393974805760512
1413393974855760384
1413393974905760512
1413393974955760384
1413393975005760512
1413393975055760384
1413393975105760512
1413393975155760384
1413393975205760512
1413393975255760384
1413393975305760512
1413393975355760384
1413393975405760512
1413393975455760384
1413393975505760512
1413393975555760384
1413393975605760512
1413393975655760384
1413393975705760512
1413393975755760384
1413393975805760512
1413393975855760384
1413393975905760512
1413393975955760384
1413393976005760512
1413393976055760384
1413393976105760512
1413393976155760384
1413393976205760512
1413393976255760384
1413393976305760512
1413393976355760384
1413393976405760512
1413393976455760384
1413393976505760512
1413393976555760384
1413393976605760512
1413393976655760384
1413393976705760512
1413393976755760384
1413393976805760512
1413393976855760384
1413393976905760512
1413393976955760384
1413393977005760512
1413393977055760384
1413393977105760512
1413393977155760384
1413393977205760512
1413393977255760384
1413393977305760512
1413393977355760384
1413393977405760512
1413393977455760384
1413393977505760512
1413393977555760384
1413393977605760512
1413393977655760384
1413393977705760512
1413393977755760384
1413393977805760512
1413393977855760384
1413393977905760512
1413393977955760384
1413393978005760512
1413393978055760384
1413393978105760512
1413393978155760384
1413393978205760512
1413393978255760384
1413393978305760512
1413393978355760384
1413393978405760512
1413393978455760384
1413393978505760512
1413393978555760384
1413393978605760512
1413393978655760384
1413393978705760512
1413393978755760384
1413393978805760512
1413393978855760384
1413393978905760512
1413393978955760384
1413393979005760512
1413393979055760384
1413393979105760512
1413393979155760384
1413393979205760512
1413393979255760384
1413393979305760512
1413393979355760384
1413393979405760512
1413393979455760384
1413393979505760512
1413393979555760384
1413393979605760512
1413393979655760384
1413393979705760512
1413393979755760384
1413393979805760512
1413393979855760384
1413393979905760512
1413393979955760384
1413393980005760512
1413393980055760384
1413393980105760512
1413393980155760384
1413393980205760512
1413393980255760384
1413393980305760512
1413393980355760384
1413393980405760512
1413393980455760384
1413393980505760512
1413393980555760384
1413393980605760512
1413393980655760384
1413393980705760512
1413393980755760384
1413393980805760512
1413393980855760384
1413393980905760512
1413393980955760384
1413393981005760512
1413393981055760384
1413393981105760512
1413393981155760384
1413393981205760512
1413393981255760384
1413393981305760512
1413393981355760384
1413393981405760512
1413393981455760384
1413393981505760512
1413393981555760384
1413393981605760512
1413393981655760384
1413393981705760512
1413393981755760384
1413393981805760512
1413393981855760384
1413393981905760512
1413393981955760384
1413393982005760512
1413393982055760384
1413393982105760512
1413393982155760384
1413393982205760512
1413393982255760384
1413393982305760512
1413393982355760384
1413393982405760512
1413393982455760384
1413393982505760512
1413393982555760384
1413393982605760512
1413393982655760384
1413393982705760512
1413393982755760384
1413393982805760512
1413393982855760384
1413393982905760512
1413393982955760384
1413393983005760512
1413393983055760384
1413393983105760512
1413393983155760384
1413393983205760512
1413393983255760384
1413393983305760512
1413393983355760384
1413393983405760512
1413393983455760384
1413393983505760512
1413393983555760384
1413393983605760512
1413393983655760384
1413393983705760512
1413393983755760384
1413393983805760512
1413393983855760384
1413393983905760512
1413393983955760384
1413393984005760512
1413393984055760384
1413393984105760512
1413393984155760384
1413393984205760512
1413393984255760384
1413393984305760512
1413393984355760384
1413393984405760512
1413393984455760384
1413393984505760512
1413393984555760384
1413393984605760512
1413393984655760384
1413393984705760512
1413393984755760384
1413393984805760512
1413393984855760384
1413393984905760512
1413393984955760384
1413393985005760512
1413393985055760384
1413393985105760512
1413393985155760384
1413393985205760512
1413393985255760384
1413393985305760512
1413393985355760384
1413393985405760512
1413393985455760384
1413393985505760512
1413393985555760384
1413393985605760512
1413393985655760384
1413393985705760512
1413393985755760384
1413393985805760512
1413393985855760384
1413393985905760512
1413393985955760384
1413393986005760512
1413393986055760384
1413393986105760512
1413393986155760384
1413393986205760512
1413393986255760384
1413393986305760512
1413393986355760384
1413393986405760512
1413393986455760384
1413393986505760512
1413393986555760384
1413393986605760512
1413393986655760384
1413393986705760512
1413393986755760384
1413393986805760512
1413393986855760384
1413393986905760512
1413393986955760384
1413393987005760512
1413393987055760384
1413393987105760512
1413393987155760384
1413393987205760512
1413393987255760384
1413393987305760512
1413393987355760384
1413393987405760512
1413393987455760384
1413393987505760512
1413393987555760384
1413393987605760512
1413393987655760384
1413393987705760512
1413393987755760384
1413393987805760512
1413393987855760384
1413393987905760512
1413393987955760384
1413393988005760512
1413393988055760384
1413393988105760512
1413393988155760384
1413393988205760512
1413393988255760384
1413393988305760512
1413393988355760384
1413393988405760512
1413393988455760384
1413393988505760512
1413393988555760384
1413393988605760512
1413393988655760384
1413393988705760512
1413393988755760384
1413393988805760512
1413393988855760384
1413393988905760512
1413393988955760384
1413393989005760512
1413393989055760384
1413393989105760512
1413393989155760384
1413393989205760512
1413393989255760384
1413393989305760512
1413393989355760384
1413393989405760512
1413393989455760384
1413393989505760512
1413393989555760384
1413393989605760512
1413393989655760384
1413393989705760512
1413393989755760384
1413393989805760512
1413393989855760384
1413393989905760512
1413393989955760384
1413393990005760512
1413393990055760384
1413393990105760512
1413393990155760384
1413393990205760512
1413393990255760384
1413393990305760512
1413393990355760384
1413393990405760512
1413393990455760384
1413393990505760512
1413393990555760384
1413393990605760512
1413393990655760384
1413393990705760512
1413393990755760384
1413393990805760512
1413393990855760384
1413393990905760512
1413393990955760384
1413393991005760512
1413393991055760384
1413393991105760512
1413393991155760384
1413393991205760512
1413393991255760384
1413393991305760512
1413393991355760384
1413393991405760512
1413393991455760384
1413393991505760512
1413393991555760384
1413393991605760512
1413393991655760384
1413393991705760512
1413393991755760384
1413393991805760512
1413393991855760384
1413393991905760512
1413393991955760384
1413393992005760512
1413393992055760384
1413393992105760512
1413393992155760384
1413393992205760512
1413393992255760384
1413393992305760512
1413393992355760384
1413393992405760512
1413393992455760384
1413393992505760512
1413393992555760384
1413393992605760512
1413393992655760384
1413393992705760512
1413393992755760384
1413393992805760512
1413393992855760384
1413393992905760512
1413393992955760384
1413393993005760512
1413393993055760384
1413393993105760512
1413393993155760384
1413393993205760512
1413393993255760384
1413393993305760512
1413393993355760384
1413393993405760512
1413393993455760384
1413393993505760512
1413393993555760384
1413393993605760512
1413393993655760384
1413393993705760512
1413393993755760384
1413393993805760512
1413393993855760384
1413393993905760512
1413393993955760384
1413393994005760512
1413393994055760384
1413393994105760512
1413393994155760384
1413393994205760512
1413393994255760384
1413393994305760512
1413393994355760384
1413393994405760512
1413393994455760384
1413393994505760512
1413393994555760384
1413393994605760512
1413393994655760384
1413393994705760512
1413393994755760384
1413393994805760512
1413393994855760384
1413393994905760512
1413393994955760384
1413393995005760512
1413393995055760384
1413393995105760512
1413393995155760384
1413393995205760512
1413393995255760384
1413393995305760512
1413393995355760384
1413393995405760512
1413393995455760384
1413393995505760512
1413393995555760384
1413393995605760512
1413393995655760384
1413393995705760512
1413393995755760384
1413393995805760512
1413393995855760384
1413393995905760512
1413393995955760384
1413393996005760512
1413393996055760384
1413393996105760512
1413393996155760384
1413393996205760512
1413393996255760384
1413393996305760512
1413393996355760384
1413393996405760512
1413393996455760384
1413393996505760512
1413393996555760384
1413393996605760512
1413393996655760384
1413393996705760512
1413393996755760384
1413393996805760512
1413393996855760384
1413393996905760512
1413393996955760384
1413393997005760512
1413393997055760384
1413393997105760512
1413393997155760384
1413393997205760512
1413393997255760384
1413393997305760512
1413393997355760384
1413393997405760512
1413393997455760384
1413393997505760512
1413393997555760384
1413393997605760512
1413393997655760384
1413393997705760512
1413393997755760384
1413393997805760512
1413393997855760384
1413393997905760512
1413393997955760384
1413393998005760512
1413393998055760384
1413393998105760512
1413393998155760384
1413393998205760512
1413393998255760384
1413393998305760512
1413393998355760384
1413393998405760512
1413393998455760384
1413393998505760512
1413393998555760384
1413393998605760512
1413393998655760384
1413393998705760512
1413393998755760384
1413393998805760512
1413393998855760384
1413393998905760512
1413393998955760384
1413393999005760512
1413393999055760384
1413393999105760512
1413393999155760384
1413393999205760512
1413393999255760384
1413393999305760512
1413393999355760384
1413393999405760512
1413393999455760384
1413393999505760512
1413393999555760384
1413393999605760512
1413393999655760384
1413393999705760512
1413393999755760384
1413393999805760512
1413393999855760384
1413393999905760512
1413393999955760384
1413394000005760512
1413394000055760384
1413394000105760512
1413394000155760384
1413394000205760512
1413394000255760384
1413394000305760512
1413394000355760384
1413394000405760512
1413394000455760384
1413394000505760512
1413394000555760384
1413394000605760512
1413394000655760384
1413394000705760512
1413394000755760384
1413394000805760512
1413394000855760384
1413394000905760512
1413394000955760384
1413394001005760512
1413394001055760384
1413394001105760512
1413394001155760384
1413394001205760512
1413394001255760384
1413394001305760512
1413394001355760384
1413394001405760512
1413394001455760384
1413394001505760512
1413394001555760384
1413394001605760512
1413394001655760384
1413394001705760512
1413394001755760384
1413394001805760512
1413394001855760384
1413394001905760512
1413394001955760384
1413394002005760512
1413394002055760384
1413394002105760512
1413394002155760384
1413394002205760512
1413394002255760384
1413394002305760512
1413394002355760384
1413394002405760512
1413394002455760384
1413394002505760512
1413394002555760384
1413394002605760512
1413394002655760384
1413394002705760512
1413394002755760384
1413394002805760512
1413394002855760384
1413394002905760512
1413394002955760384
1413394003005760512
1413394003055760384
1413394003105760512
1413394003155760384
1413394003205760512
1413394003255760384
1413394003305760512
1413394003355760384
